Call 12
246391 246391
True
1896 7
1896 75
1896 1899
2218 1899
2218 2622
2600 2622
2621 2622
2621
4023 2626
4023 2696
4023 2698
4023 2957
246417 246400
246417 246404
246417 246407
246417 246417
246592 246427
246592 246460
246592 246624
246614 246624
246624 246624
246648 246647
246648 246671
246671 246671
246713 246702
246713 246709
246713 246740
246748 246740
246748 246743
246748 246746
246748 246747
246748 246748
246768 246768
246777 246781
246888 246781
246888 246791
246888 246792
246888 246795
246888 246888
246910 246910
246917 246920
2491464 246920
2491464 247336
2491464 2491447
2491464 2491464
2584749 2491470
2584749 2584747
2584749 2584754
2584754 2584754
2584853 2584799
2584853 2586903
2584881 2586903
2584894 2586903
2584902 2586903
2584909 2586903
2586672 2586903
2586680 2586903
2586912 2586903
2586912 2586917
2586949 2586917
2586949 2587231
2587075 2587231
2587124 2587231
2587245 2587231
2587245 2587278
2587258 2587278
2587392 2587278
2587392 2587431
2587456 2587431
2587456 2588072
2587462 2588072
2587470 2588072
2587734 2588072
2587792 2588072
2587817 2588072
2588164 2588072
2588164 2588083
2588164 2588110
2588164 2588123
2588164 2588124
2588164 2588138
2588164 2588140
2588164 2588143
2588164 2588159
2588164 2588175
2588191 2588175
2588191 2588180
2588191 2588183
2588191 2588198
2588205 2588198
2588205 2588209
2588297 2588209
2588297 2588259
2588297 2588281
2588297 2588284
2588297 2588288
2588297 2588313
2588313 2588313
2588370 2588375
2588464 2588375
2588464 2588382
2588464 2588443
2588464 2588457
2588464 2588464
2588484 2588468
2588484 2588474
2588484 2588484
2588496 2588489
2588496 2588490
2588496 2588491
2588496 2588492
2588496 2588508
2588565 2588508
2588565 2588516
2588565 2588517
2588565 2588527
2588565 2588530
2588565 2588533
2588565 2588547
2588565 2588554
2588565 2588559
2588565 2588576
2588576 2588576
2588609 2588610
2588658 2588610
2588658 2588638
2588658 2588658
2588750 2588675
2588750 2588685
2588750 2588696
2588750 2588745
2588750 2588764
2620142 2588764
2620142 2588780
2620142 2620296
2620198 2620296
2620228 2620296
2620291 2620296
2620311 2620296
2620311 2620506
2620321 2620506
2620481 2620506
2620654 2620506
2620654 2620895
2620666 2620895
2620740 2620895
2620771 2620895
2620835 2620895
2620849 2620895
2620881 2620895
2620999 2620895
2620999 2621043
2621039 2621043
2621064 2621043
2621064 2621046
2621064 2621050
2621064 2621088
2621333 2621088
2621333 2621138
2621333 2621210
2621333 2621375
2621669 2621375
2621669 2621387
2621669 2621557
2621669 2621575
2621669 2621782
2621844 2621782
2621844 2621934
2621961 2621934
2621961 2621961
2621964 2621964
2622029 2621969
2622029 2622107
2622033 2622107
2622068 2622107
2622099 2622107
2622128 2622107
2622128 2622116
2622128 2622556
2622272 2622556
2622325 2622556
2622384 2622556
2622397 2622556
2622513 2622556
2622530 2622556
2622587 2622556
2622587 2622651
2622686 2622651
2622686 2622745
2622762 2622745
2622762 2622750
2622762 2622761
2622762 2622841
2622867 2622841
2622867 2622910
2622900 2622910
2622910 2622910
2622957 2622968
2622981 2622968
2622981 2622981
2622984 2623052
2622999 2623052
2623111 2623052
2623111 2623053
2623111 2623065
2623111 2623069
2623111 2623088
2623111 2623111
2623157 2623184
2623183 2623184
2623220 2623184
2623220 2623271
2623262 2623271
2623345 2623271
2623345 2623344
2623345 2623386
2623394 2623386
2623394 2623419
2623410 2623419
2623548 2623419
2623548 2623430
2623548 2623481
2623548 2623532
2623548 2623554
2623550 2623554
2623565 2623554
2623565 2623557
2623565 2623712
2623664 2623712
2623666 2623712
2623758 2623712
2623758 2623785
2623827 2623785
2623827 2623911
2623911 2623911
2623927 2623931
2624061 2623931
2624061 2623938
2624061 2624048
2624061 2624083
2624171 2624083
2624171 2634408
2653689 2634408
2653689 2653689
2653759 2653716
2653759 2653717
2653759 2653720
2653759 2653759
2653821 2653760
2653821 2653778
2653821 2653786
2653821 2653790
2653821 2653791
2653821 2653798
2653821 2653810
2653821 2653814
2653821 2653854
2653855 2653854
2653855 2653855
2653882 2653871
2653882 2653881
2653882 2653888
2653911 2653888
2653911 2653911
2654005 2653918
2654005 2653960
2654005 2653972
2654005 2653974
2654005 2653976
2654005 2653984
2654005 2653985
2654005 2653998
2654005 2654000
2654005 2654005
2654043 2654016
2654043 2654017
2654043 2654018
2654043 2654029
2654043 2654047
2654074 2654047
2654074 2654055
2654074 2654064
2654074 2654066
2654074 2654074
2654106 2654077
2654106 2654084
2654106 2654085
2654106 2654099
2654106 2654106
2654183 2654129
2654183 2654131
2654183 2654164
2654183 2654165
2654183 2654169
2654183 2654187
2654247 2654187
2654247 2654220
2654247 2654225
2654247 2654243
2654247 2654267
2654307 2654267
2654307 2654270
2654307 2654280
2654307 2654285
2654307 2654310
2654334 2654310
2654334 2654314
2654334 2654316
2654334 2654321
2654334 2654327
2654334 2654345
2654488 2654345
2654488 2654352
2654488 2654387
2654488 2654401
2654488 2654411
2654488 2654412
2654488 2654413
2654488 2654419
2654488 2654426
2654488 2654427
2654488 2654434
2654488 2654435
2654488 2654440
2654488 2654459
2654488 2654466
2654488 2654479
2654488 2654482
2654488 2654495
2654532 2654495
2654532 2654511
2654532 2654516
2654532 2654518
2654532 2654529
2654532 2654532
2654579 2654554
2654579 2654577
2654579 2654588
2658033 2654588
2658033 2658020
2658033 2658033
2658086 2658086
2658091 2658132
2658296 2658132
2658296 2658296
2662715 2658300
2662715 2658314
2662715 2658333
2662715 2658341
2662715 2658355
2662715 2658373
2662715 2658402
2662715 2658672
2662715 2658715
2662715 2658842
2662715 2662687
2662715 2662715
2664140 2669956
2670021 2669956
2670021 2669985
2670021 2670026
2676520 2670026
2676520 2670036
2676520 2670043
2676520 2670046
2676520 2670048
2676520 2670053
2676520 2670056
2676520 2670060
2676520 2670073
2676520 2676474
2676520 2676531
2700963 2676531
2700963 2677312
2700963 2686303
2700963 2686338
2700963 2686345
2700963 2700956
2700963 2701461
2701016 2701461
2701082 2701461
2701116 2701461
2701118 2701461
2701141 2701461
2701155 2701461
2701179 2701461
2701366 2701461
2701440 2701461
2701504 2701461
2701504 2701482
2701504 2701544
2701505 2701544
2701507 2701544
2701614 2701544
2701614 2701620
2701642 2701620
2701642 2701637
2701642 2701672
2701653 2701672
2701672 2701672
2701678 2701686
2701927 2701686
2701927 2701810
2701927 2701922
2701927 2701938
2702112 2701938
2702112 2702084
2702112 2702099
2702112 2702172
2702261 2702172
2702261 2702378
2702313 2702378
2702378 2702378
2702424 2702781
2702449 2702781
2702470 2702781
2702634 2702781
2702750 2702781
2702808 2702781
2702808 2702808
2702848 2702920
2702916 2702920
2702918 2702920
2702922 2702920
2702922 2702969
2702938 2702969
2702949 2702969
2702950 2702969
2703008 2702969
2703008 2703025
2703030 2703025
2703030 2703042
2703034 2703042
2703042 2703042
2703174 2703092
2703174 2703132
2703174 2703134
2703174 2703143
2703174 2703186
2703176 2703186
2703180 2703186
2703196 2703186
2703196 2703213
2703206 2703213
2703245 2703213
2703245 2703246
2703383 2703246
2703383 2703318
2703383 2703520
2703456 2703520
2703512 2703520
2703526 2703520
2703526 2703574
2703527 2703574
2703546 2703574
2703549 2703574
2703634 2703574
2703634 2703697
2703686 2703697
2703731 2703697
2703731 2703855
2703895 2703855
2703895 2703965
2703952 2703965
2703955 2703965
2704064 2703965
2704064 2704068
2704156 2704068
2704156 2704215
2704170 2704215
2704182 2704215
2704234 2704215
2704234 2704225
2704234 2704461
2704284 2704461
2704336 2704461
2704408 2704461
2704485 2704461
2704485 2704593
2704546 2704593
2704650 2704593
2704650 2704709
2704713 2704709
2704713 2704910
2704714 2704910
2704880 2704910
2704882 2704910
2704910 2704910
2704917 2704911
2704917 2704920
2704989 2704920
2704989 2704931
2704989 2705057
2705066 2705057
2705066 2705131
2705067 2705131
2705163 2705131
2705163 2705282
2705193 2705282
2705200 2705282
2705217 2705282
2705340 2705282
2705340 2705358
2705377 2705358
2705377 2705410
2705428 2705410
2705428 2705422
2705428 2705484
2705506 2705484
2705506 2705515
2705511 2705515
2705642 2705515
2705642 2705592
2705642 2705672
2705655 2705672
2705659 2705672
2705661 2705672
2705692 2705672
2705692 2705747
2705707 2705747
2705709 2705747
2705735 2705747
2705749 2705747
2705749 2705788
2705791 2705788
2705791 2705791
2705885 2705823
2705885 2705857
2705885 2705864
2705885 2705895
2705900 2705895
2705900 2705900
2706018 2706073
2706029 2706073
2706094 2706073
2706094 2706266
2706139 2706266
2706192 2706266
2706316 2706266
2706316 2706335
2706363 2706335
2706363 2706519
2706369 2706519
2706372 2706519
2706482 2706519
2706579 2706519
2706579 2706605
2706596 2706605
2706623 2706605
2706623 2706685
2706754 2706685
2706754 2706741
2706754 2706761
2706864 2706761
2706864 2706772
2706864 2706793
2706864 2706864
2706868 2707044
2706890 2707044
2706893 2707044
2706964 2707044
2706970 2707044
2707135 2707044
2707135 2707154
2707147 2707154
2707169 2707154
2707169 2707243
2707181 2707243
2707192 2707243
2707197 2707243
2707219 2707243
2707243 2707243
2707388 2707308
2707388 2707334
2707388 2707341
2707388 2707548
2707611 2707548
2707611 2707611
2707683 2707662
2707683 2707683
2707794 2707782
2707794 2707799
2707940 2707799
2707940 2707876
2707940 2708031
2707976 2708031
2708004 2708031
2708023 2708031
2708235 2708031
2708235 2708072
2708235 2708243
2708243 2708243
2708247 2708312
2708306 2708312
2708312 2708312
2708344 2708335
2708344 2708344
2708351 2708439
2708372 2708439
2708379 2708439
2708434 2708439
2708539 2708439
2708539 2708539
2708558 2708567
2708607 2708567
2708607 2708571
2708607 2708605
2708607 2708607
2708771 2708632
2708771 2708660
2708771 2708663
2708771 2708771
2708775 2708836
2708812 2708836
2708853 2708836
2708853 2708922
2709023 2708922
2709023 2709042
2709044 2709042
2709044 2709141
2709201 2709141
2709201 2709313
2709262 2709313
2709324 2709313
2709324 2709329
2709343 2709329
2709343 2709344
2709347 2709344
2709347 2709361
2709418 2709361
2709418 2709428
2709428 2709428
2709546 2709522
2709546 2709610
2709547 2709610
2709555 2709610
2709574 2709610
2709597 2709610
2709633 2709610
2709633 2709661
2709634 2709661
2709755 2709661
2709755 2709755
2709922 2709837
2709922 2709930
2710075 2709930
2710075 2709964
2710075 2709977
2710075 2710094
2710112 2710094
2710112 2710116
2710116 2710116
2710234 2710225
2710234 2710231
2710234 2710235
2710235 2710235
2710283 2710428
2710287 2710428
2710463 2710428
2710463 2710449
2710463 2710463
2710476 2710474
2710476 2710538
2710480 2710538
2710496 2710538
2710568 2710538
2710568 2710585
2710622 2710585
2710622 2710640
2710640 2710640
2710680 2710909
2710741 2710909
2710779 2710909
2710817 2710909
2710918 2710909
2710918 2710912
2710918 2710942
2710943 2710942
2710943 2711016
2710954 2711016
2710962 2711016
2711030 2711016
2711030 2711117
2711054 2711117
2711197 2711117
2711197 2711162
2711197 2711174
2711197 2711282
2711241 2711282
2711243 2711282
2711291 2711282
2711291 2711291
2711395 2711463
2711427 2711463
2711429 2711463
2711624 2711463
2711624 2711551
2711624 2711586
2711624 2711616
2711624 2711644
2711644 2711644
2711657 2711677
2711682 2711677
2711682 2711696
2711703 2711696
2711703 2711700
2711703 2711738
2711714 2711738
2711752 2711738
2711752 2711845
2711802 2711845
2711809 2711845
2711837 2711845
2711907 2711845
2711907 2711942
2711957 2711942
2711957 2711973
2712012 2711973
2712012 2711989
2712012 2711993
2712012 2712040
2712042 2712040
2712042 2712077
2712059 2712077
2712117 2712077
2712117 2712182
2712119 2712182
2712195 2712182
2712195 2712214
2712237 2712214
2712237 2712368
2712318 2712368
2712363 2712368
2712467 2712368
2712467 2712393
2712467 2712398
2712467 2712418
2712467 2712437
2712467 2712448
2712467 2712562
2712514 2712562
2712562 2712562
2712609 2712591
2712609 2712613
2712617 2712613
2712617 2712679
2712679 2712679
2712685 2712755
2712717 2712755
2712785 2712755
2712785 2712759
2712785 2712830
2712788 2712830
2712804 2712830
2712819 2712830
2712829 2712830
2712850 2712830
2712850 2713001
2712857 2713001
2712867 2713001
2712873 2713001
2712936 2713001
2712942 2713001
2713001 2713001
2713047 2713047
2713093 2713114
2713114 2713114
2713163 2713145
2713163 2713219
2713189 2713219
2713246 2713219
2713246 2713376
2713278 2713376
2713298 2713376
2713310 2713376
2713335 2713376
2713389 2713376
2713389 2713455
2713416 2713455
2713442 2713455
2713539 2713455
2713539 2713543
2713585 2713543
2713585 2713680
2713663 2713680
2713710 2713680
2713710 2713733
2713790 2713733
2713790 2713899
2713897 2713899
2713901 2713899
2713901 2713908
2713908 2713908
2713953 2713932
2713953 2714019
2713968 2714019
2713970 2714019
2714141 2714019
2714141 2714109
2714141 2714395
2714150 2714395
2714241 2714395
2714308 2714395
2714328 2714395
2714400 2714395
2714400 2714630
2714418 2714630
2714466 2714630
2714485 2714630
2714523 2714630
2714548 2714630
2714550 2714630
2714597 2714630
2714662 2714630
2714662 2714638
2714662 2714761
2714711 2714761
2714728 2714761
2714761 2714761
2714814 2714939
2714846 2714939
2714876 2714939
2714938 2714939
2714944 2714939
2714944 2715030
2715001 2715030
2715081 2715030
2715081 2715439
2715093 2715439
2715098 2715439
2715363 2715439
2715403 2715439
2715463 2715439
2715463 2715511
2715468 2715511
2715511 2715511
2715546 2715546
2715749 2715568
2715749 2715685
2715749 2715852
2715915 2715852
2715915 2715858
2715915 2715929
2715948 2715929
2715948 2716441
2715956 2716441
2716148 2716441
2716178 2716441
2716190 2716441
2716195 2716441
2716216 2716441
2716275 2716441
2716321 2716441
2716322 2716441
2716461 2716441
2716461 2716591
2716462 2716591
2716536 2716591
2716537 2716591
2716568 2716591
2716638 2716591
2716638 2716777
2716643 2716777
2716682 2716777
2716703 2716777
2716731 2716777
2716763 2716777
2716780 2716777
2716780 2716780
2716821 2716824
2716865 2716824
2716865 2716853
2716865 2716879
2716879 2716879
2717226 2716918
2717226 2717008
2717226 2717015
2717226 2717423
2717588 2717423
2717588 2717472
2717588 2717616
2717696 2717616
2717696 2717683
2717696 2717717
2717697 2717717
2717980 2717717
2717980 2717762
2717980 2717817
2717980 2718104
2718019 2718104
2718079 2718104
2718173 2718104
2718173 2718111
2718173 2718193
2718271 2718193
2718271 2718494
2718368 2718494
2718395 2718494
2718479 2718494
2718481 2718494
2718487 2718494
2718551 2718494
2718551 2718709
2718556 2718709
2718560 2718709
2718709 2718709
2718842 2718805
2718842 2718810
2718842 2718840
2718842 2719102
2719010 2719102
2719188 2719102
2719188 2719123
2719188 2719131
2719188 2719261
2719261 2719261
2719289 2719321
2719310 2719321
2719329 2719321
2719329 2719384
2719461 2719384
2719461 2719415
2719461 2719440
2719461 2719713
2719526 2719713
2719608 2719713
2719649 2719713
2719674 2719713
2719770 2719713
2719770 2719883
2719894 2719883
2719894 2720137
2720161 2720137
2720161 2720155
2720161 2720182
2720221 2720182
2720221 2720186
2720221 2720227
2720227 2720227
2720288 2720252
2720288 2720594
2720315 2720594
2720316 2720594
2720367 2720594
2720530 2720594
2720594 2720594
2720597 2720678
2720678 2720678
2720744 2720797
2720788 2720797
2720941 2720797
2720941 2721115
2721073 2721115
2721086 2721115
2721240 2721115
2721240 2721398
2721243 2721398
2721246 2721398
2721369 2721398
2721391 2721398
2721417 2721398
2721417 2721477
2721432 2721477
2721555 2721477
2721555 2721513
2721555 2721525
2721555 2721587
2721563 2721587
2721632 2721587
2721632 2721632
2721640 2721640
2721696 2721845
2721790 2721845
2721804 2721845
2721922 2721845
2721922 2721970
2721975 2721970
2721975 2721975
2721977 2721977
2722025 2722027
2722169 2722027
2722169 2722187
2722220 2722187
2722220 2722294
2722228 2722294
2722262 2722294
2722265 2722294
2722333 2722294
2722333 2722446
2722363 2722446
2722391 2722446
2722452 2722446
2722452 2722482
2722466 2722482
2722498 2722482
2722498 2722553
2722601 2722553
2722601 2722607
2722654 2722607
2722654 2722608
2722654 2722618
2722654 2722676
2722751 2722676
2722751 2722755
2722871 2722755
2722871 2723033
2722875 2723033
2722938 2723033
2722969 2723033
2723005 2723033
2723033 2723033
2723207 2723046
2723207 2723098
2723207 2723194
2723207 2723239
2723217 2723239
2723254 2723239
2723254 2723318
2723269 2723318
2723376 2723318
2723376 2723403
2723422 2723403
2723422 2723774
2723602 2723774
2723753 2723774
2723769 2723774
2723801 2723774
2723801 2723837
2723941 2723837
2723941 2723910
2723941 2723912
2723941 2723988
2724123 2723988
2724123 2724230
2724264 2724230
2724264 2724363
2724347 2724363
2724384 2724363
2724384 2724418
2724466 2724418
2724466 2724466
2724507 2724530
2724510 2724530
2724513 2724530
2724594 2724530
2724594 2724583
2724594 2724605
2724605 2724605
2724626 2724632
2724642 2724632
2724642 2724688
2724652 2724688
2724706 2724688
2724706 2724689
2724706 2724773
2724803 2724773
2724803 2724980
2724941 2724980
2725057 2724980
2725057 2725036
2725057 2725066
2725062 2725066
2725159 2725066
2725159 2725161
2725213 2725161
2725213 2725426
2725386 2725426
2725404 2725426
2725405 2725426
2725472 2725426
2725472 2725626
2725476 2725626
2725613 2725626
2725659 2725626
2725659 2725671
2725671 2725671
2725721 2725812
2725784 2725812
2725889 2725812
2725889 2725813
2725889 2725821
2725889 2725935
2725935 2725935
2726267 2725997
2726267 2726141
2726267 2726294
2726300 2726294
2726300 2726474
2726326 2726474
2726353 2726474
2726372 2726474
2726385 2726474
2726439 2726474
2726446 2726474
2726548 2726474
2726548 2726548
2726590 2726643
2726677 2726643
2726677 2726677
2727085 2728651
2727753 2728651
2728514 2728651
2728522 2728651
2728567 2728651
2728579 2728651
2728583 2728651
2728603 2728651
2728628 2728651
2728629 2728651
2728642 2728651
2728716 2728651
2728716 2730354
2728725 2730354
2728791 2730354
2729123 2730354
2729505 2730354
2729755 2730354
2729815 2730354
2729841 2730354
2730218 2730354
2734008 2730354
2734008 2734772
2734305 2734772
2734443 2734772
2734672 2734772
2734898 2734772
2734898 2734782
2734898 2736014
2736162 2736014
2736162 2736552
2736331 2736552
2736346 2736552
2736422 2736552
2736492 2736552
2736505 2736552
2736552 2736552
2736560 2736657
2736567 2736657
2736615 2736657
2736651 2736657
2736707 2736657
2736707 2736749
2736772 2736749
2736772 2736806
2736934 2736806
2736934 2736986
2737101 2736986
2737101 2736988
2737101 2737089
2737101 2737101
2737116 2737112
2737116 2737217
2737142 2737217
2737225 2737217
2737225 2737231
2737231 2737231
2737289 2737242
2737289 2737296
2737296 2737296
2737311 2737467
2737313 2737467
2737436 2737467
2737452 2737467
2737460 2737467
2737477 2737467
2737477 2737498
2737483 2737498
2737509 2737498
2737509 2737542
2737525 2737542
2737538 2737542
2737684 2737542
2737684 2737657
2737684 2737987
2737823 2737987
2737848 2737987
2738028 2737987
2738028 2738017
2738028 2738045
2738090 2738045
2738090 2738142
2738108 2738142
2738135 2738142
2738334 2738142
2738334 2738164
2738334 2738209
2738334 2738391
2738349 2738391
2738364 2738391
2738408 2738391
2738408 2738426
2738413 2738426
2738418 2738426
2738479 2738426
2738479 2738616
2738509 2738616
2738521 2738616
2738531 2738616
2738537 2738616
2738557 2738616
2738599 2738616
2738788 2738616
2738788 2738869
2738829 2738869
2738860 2738869
2738874 2738869
2738874 2739138
2738877 2739138
2738965 2739138
2739059 2739138
2739092 2739138
2739111 2739138
2739125 2739138
2739152 2739138
2739152 2739180
2739158 2739180
2739164 2739180
2739166 2739180
2739196 2739180
2739196 2739209
2739210 2739209
2739210 2739300
2739369 2739300
2739369 2739369
2739381 2739531
2739389 2739531
2739446 2739531
2739474 2739531
2739480 2739531
2739494 2739531
2739530 2739531
2739602 2739531
2739602 2739634
2739697 2739634
2739697 2739697
2739733 2739769
2739829 2739769
2739829 2739795
2739829 2739801
2739829 2739848
2739892 2739848
2739892 2739876
2739892 2739919
2739949 2739919
2739949 2740025
2740036 2740025
2740036 2740028
2740036 2740211
2740047 2740211
2740206 2740211
2740209 2740211
2740241 2740211
2740241 2740240
2740241 2740241
2740305 2740583
2740432 2740583
2740524 2740583
2740600 2740583
2740600 2740590
2740600 2740639
2740605 2740639
2740676 2740639
2740676 2740705
2740716 2740705
2740716 2740769
2740719 2740769
2740730 2740769
2740774 2740769
2740774 2740774
2740846 2741097
2740883 2741097
2740914 2741097
2741112 2741097
2741112 2741511
2741211 2741511
2741281 2741511
2741325 2741511
2741390 2741511
2741436 2741511
2741457 2741511
2741512 2741511
2741512 2741531
2741681 2741531
2741681 2741662
2741681 2741821
2741724 2741821
2741836 2741821
2741836 2741957
2741838 2741957
2742080 2741957
2742080 2742023
2742080 2742213
2742090 2742213
2742177 2742213
2742226 2742213
2742226 2742238
2742259 2742238
2742259 2742352
2742271 2742352
2742440 2742352
2742440 2742446
2742630 2742446
2742630 2742453
2742630 2742485
2742630 2742514
2742630 2743042
2742702 2743042
2742713 2743042
2742750 2743042
2743246 2743042
2743246 2743102
2743246 2743124
2743246 2743152
2743246 2743299
2743296 2743299
2743307 2743299
2743307 2743346
2743453 2743346
2743453 2743391
2743453 2743661
2743474 2743661
2743544 2743661
2743756 2743661
2743756 2743667
2743756 2743931
2743784 2743931
2743824 2743931
2743833 2743931
2743886 2743931
2743968 2743931
2743968 2743934
2743968 2744348
2744099 2744348
2744123 2744348
2744176 2744348
2744194 2744348
2744319 2744348
2744333 2744348
2744390 2744348
2744390 2744350
2744390 2744414
2744420 2744414
2744420 2744523
2744629 2744523
2744629 2744823
2744842 2744823
2744842 2745086
2745021 2745086
2745039 2745086
2745073 2745086
2745128 2745086
2745128 2745148
2745317 2745148
2745317 2745616
2745327 2745616
2745621 2745616
2745621 2745620
2745621 2745658
2745771 2745658
2745771 2745765
2745771 2745771
2745861 2745810
2745861 2745848
2745861 2745850
2745861 2745912
2745879 2745912
2745949 2745912
2745949 2746041
2746102 2746041
2746102 2746185
2746204 2746185
2746204 2746204
2746272 2746380
2746309 2746380
2746313 2746380
2746381 2746380
2746381 2746590
2746409 2746590
2746593 2746590
2746593 2746796
2746768 2746796
2746892 2746796
2746892 2746918
2746901 2746918
2746918 2746918
2747086 2746937
2747086 2747074
2747086 2747121
2747096 2747121
2747102 2747121
2747107 2747121
2747112 2747121
2747305 2747121
2747305 2747127
2747305 2747436
2747317 2747436
2747403 2747436
2747417 2747436
2747439 2747436
2747439 2747439
2747469 2747667
2747510 2747667
2747543 2747667
2747579 2747667
2747590 2747667
2747630 2747667
2747718 2747667
2747718 2747752
2748083 2747752
2748083 2747798
2748083 2747870
2748083 2747909
2748083 2748078
2748083 2748231
2748435 2748231
2748435 2748540
2748440 2748540
2748451 2748540
2748510 2748540
2748560 2748540
2748560 2748648
2748604 2748648
2748643 2748648
2748648 2748648
2748755 2748649
2748755 2748759
2748800 2748759
2748800 2748924
2748807 2748924
2748848 2748924
2748868 2748924
2748935 2748924
2748935 2749216
2748941 2749216
2748981 2749216
2749013 2749216
2749020 2749216
2749141 2749216
2749312 2749216
2749312 2749222
2749312 2749550
2749316 2749550
2749393 2749550
2749616 2749550
2749616 2749582
2749616 2749695
2749631 2749695
2749695 2749695
2749740 2749758
2749970 2749758
2749970 2749922
2749970 2749929
2749970 2750177
2749972 2750177
2749998 2750177
2750101 2750177
2750157 2750177
2750198 2750177
2750198 2750247
2750203 2750247
2750215 2750247
2750256 2750247
2750256 2750254
2750256 2750379
2750298 2750379
2750301 2750379
2750333 2750379
2750500 2750379
2750500 2750430
2750500 2750460
2750500 2750476
2750500 2750500
2750560 2750536
2750560 2750586
2750566 2750586
2750605 2750586
2750605 2750605
2750768 2750748
2750768 2750791
2750834 2750791
2750834 2751010
2751034 2751010
2751034 2751034
2751168 2751082
2751168 2751182
2751251 2751182
2751251 2751331
2751355 2751331
2751355 2751444
2751383 2751444
2751468 2751444
2751468 2751445
2751468 2751592
2751495 2751592
2751540 2751592
2751583 2751592
2751592 2751592
2751783 2751600
2751783 2751643
2751783 2751793
2751854 2751793
2751854 2751847
2751854 2751912
2751886 2751912
2752023 2751912
2752023 2751913
2752023 2752035
2752035 2752035
2752105 2752046
2752105 2752108
2752121 2752108
2752121 2752187
2752166 2752187
2752233 2752187
2752233 2752335
2752237 2752335
2752368 2752335
2752368 2752431
2752448 2752431
2752448 2752473
2752533 2752473
2752533 2752486
2752533 2752560
2752561 2752560
2752561 2752582
2752569 2752582
2752570 2752582
2752607 2752582
2752607 2752603
2752607 2752643
2752655 2752643
2752655 2752733
2752732 2752733
2752848 2752733
2752848 2752750
2752848 2752806
2752848 2752946
2752877 2752946
2752880 2752946
2753019 2752946
2753019 2753019
2753024 2753109
2753044 2753109
2753188 2753109
2753188 2753418
2753210 2753418
2753348 2753418
2753412 2753418
2753418 2753418
2753481 2753556
2753651 2753556
2753651 2753608
2753651 2753651
2753659 2753711
2753673 2753711
2753736 2753711
2753736 2753813
2753812 2753813
2753821 2753813
2753821 2753816
2753821 2753834
2753836 2753834
2753836 2753869
2753869 2753869
2753912 2753929
2753929 2753929
2754043 2754071
2754111 2754071
2754111 2754075
2754111 2754079
2754111 2754183
2754184 2754183
2754184 2754184
2754315 2754238
2754315 2754315
2754413 2754404
2754413 2754413
2754441 2754449
2754507 2754449
2754507 2754611
2754532 2754611
2754542 2754611
2754660 2754611
2754660 2754631
2754660 2754662
2754764 2754662
2754764 2754743
2754764 2754828
2754828 2754828
2754902 2754847
2754902 2754981
2754979 2754981
2755085 2754981
2755085 2754983
2755085 2754985
2755085 2755005
2755085 2755147
2755156 2755147
2755156 2755176
2755204 2755176
2755204 2755213
2755282 2755213
2755282 2755297
2755441 2755297
2755441 2755320
2755441 2755332
2755441 2755335
2755441 2755417
2755441 2755430
2755441 2755431
2755441 2755441
2755453 2755496
2755542 2755496
2755542 2755625
2755616 2755625
2755622 2755625
2755677 2755625
2755677 2755654
2755677 2755709
2755702 2755709
2755775 2755709
2755775 2755764
2755775 2755768
2755775 2755782
2755785 2755782
2755785 2755792
2755860 2755792
2755860 2755795
2755860 2755860
2755873 2755867
2755873 2755875
2755912 2755875
2755912 2755939
2755922 2755939
2755923 2755939
2755944 2755939
2755944 2755963
2756144 2755963
2756144 2756059
2756144 2756180
2756152 2756180
2756155 2756180
2756159 2756180
2756207 2756180
2756207 2756306
2756220 2756306
2756249 2756306
2756321 2756306
2756321 2756404
2756347 2756404
2756395 2756404
2756434 2756404
2756434 2756456
2756456 2756456
2756513 2756520
2756575 2756520
2756575 2756593
2756593 2756593
2756604 2756624
2756617 2756624
2756632 2756624
2756632 2756702
2756648 2756702
2756724 2756702
2756724 2756703
2756724 2756780
2756767 2756780
2756788 2756780
2756788 2756867
2756803 2756867
2756817 2756867
2756822 2756867
2756840 2756867
2756895 2756867
2756895 2756930
2756946 2756930
2756946 2756951
2756957 2756951
2756957 2756974
2757024 2756974
2757024 2757040
2757073 2757040
2757073 2757169
2757186 2757169
2757186 2757268
2757196 2757268
2757494 2757268
2757494 2757347
2757494 2757372
2757494 2757466
2757494 2757536
2757535 2757536
2757536 2757536
2757746 2757689
2757746 2757761
2757805 2757761
2757805 2758165
2757853 2758165
2757863 2758165
2757940 2758165
2758038 2758165
2758043 2758165
2758069 2758165
2758204 2758165
2758204 2758186
2758204 2758204
2758227 2758498
2758389 2758498
2758414 2758498
2758416 2758498
2758465 2758498
2758521 2758498
2758521 2758580
2758551 2758580
2758676 2758580
2758676 2758584
2758676 2758843
2758754 2758843
2758779 2758843
2758797 2758843
2758816 2758843
2758843 2758843
2758891 2759032
2759002 2759032
2759058 2759032
2759058 2759195
2759124 2759195
2759130 2759195
2759267 2759195
2759267 2759199
2759267 2759426
2759291 2759426
2759375 2759426
2759414 2759426
2759537 2759426
2759537 2759430
2759537 2759458
2759537 2759528
2759537 2759579
2759556 2759579
2759561 2759579
2759623 2759579
2759623 2759586
2759623 2759772
2759675 2759772
2759676 2759772
2759772 2759772
2759887 2759775
2759887 2759905
2759910 2759905
2759910 2759910
2759912 2759912
2759954 2759922
2759954 2760023
2759985 2760023
2760009 2760023
2760056 2760023
2760056 2760056
2760073 2760082
2760075 2760082
2760146 2760082
2760146 2760094
2760146 2760282
2760197 2760282
2760318 2760282
2760318 2760365
2760323 2760365
2760327 2760365
2760420 2760365
2760420 2760496
2760428 2760496
2760468 2760496
2760495 2760496
2760559 2760496
2760559 2760520
2760559 2760532
2760559 2760613
2760699 2760613
2760699 2760621
2760699 2760675
2760699 2760682
2760699 2760758
2760946 2760758
2760946 2760792
2760946 2760926
2760946 2761020
2760971 2761020
2761407 2761020
2761407 2761024
2761407 2761125
2761407 2761206
2761407 2761247
2761407 2761253
2761407 2761254
2761407 2761259
2761407 2761445
2761409 2761445
2761436 2761445
2761447 2761445
2761447 2761447
2761506 2761451
2761506 2761533
2761542 2761533
2761542 2761665
2761611 2761665
2761648 2761665
2761665 2761665
2761761 2761802
2761777 2761802
2761871 2761802
2761871 2762016
2761872 2762016
2761962 2762016
2761973 2762016
2762048 2762016
2762048 2762087
2762087 2762087
2762163 2762088
2762163 2762158
2762163 2762467
2762241 2762467
2762386 2762467
2762397 2762467
2762434 2762467
2762488 2762467
2762488 2762489
2762676 2762489
2762676 2762636
2762676 2762766
2762766 2762766
2762811 2762807
2762811 2762826
2762889 2762826
2762889 2762855
2762889 2762890
2762891 2762890
2762891 2762894
2762928 2762894
2762928 2762933
2763093 2762933
2763093 2762937
2763093 2762942
2763093 2762947
2763093 2763054
2763093 2763078
2763093 2763093
2763245 2763187
2763245 2763283
2763459 2763283
2763459 2763421
2763459 2763433
2763459 2763475
2763515 2763475
2763515 2763495
2763515 2763499
2763515 2763537
2763529 2763537
2763662 2763537
2763662 2763585
2763662 2763653
2763662 2763756
2763720 2763756
2763740 2763756
2763746 2763756
2763827 2763756
2763827 2763772
2763827 2763868
2763887 2763868
2763887 2764037
2763963 2764037
2764071 2764037
2764071 2764042
2764071 2764221
2764182 2764221
2764307 2764221
2764307 2764296
2764307 2764299
2764307 2764300
2764307 2764354
2764334 2764354
2764354 2764354
2764515 2764391
2764515 2764392
2764515 2764470
2764515 2764483
2764515 2764517
2764685 2764517
2764685 2764548
2764685 2764573
2764685 2764583
2764685 2764601
2764685 2764686
2764690 2764686
2764690 2764692
2764695 2764692
2764695 2764798
2764731 2764798
2764792 2764798
2764861 2764798
2764861 2764801
2764861 2764818
2764861 2764847
2764861 2764866
2764897 2764866
2764897 2764896
2764897 2764907
2764943 2764907
2764943 2764938
2764943 2764977
2764956 2764977
2764977 2764977
2765040 2765036
2765040 2765102
2765046 2765102
2765071 2765102
2765088 2765102
2765185 2765102
2765185 2765206
2765206 2765206
2765211 2765243
2765336 2765243
2765336 2765389
2765396 2765389
2765396 2765420
2765407 2765420
2765444 2765420
2765444 2765447
2765448 2765447
2765448 2765449
2765501 2765449
2765501 2765467
2765501 2765503
2765516 2765503
2765516 2765571
2765530 2765571
2765554 2765571
2765562 2765571
2765629 2765571
2765629 2765653
2765665 2765653
2765665 2765677
2765694 2765677
2765694 2765839
2765696 2765839
2765890 2765839
2765890 2765841
2765890 2766197
2765906 2766197
2765951 2766197
2765973 2766197
2766080 2766197
2766228 2766197
2766228 2766213
2766228 2766514
2766293 2766514
2766334 2766514
2766575 2766514
2766575 2766631
2766588 2766631
2766669 2766631
2766669 2766728
2766770 2766728
2766770 2766776
2766855 2766776
2766855 2766778
2766855 2766779
2766855 2766795
2766855 2766924
2766860 2766924
2766863 2766924
2766921 2766924
2766948 2766924
2766948 2766934
2766948 2766970
2766999 2766970
2766999 2767076
2767034 2767076
2767070 2767076
2767078 2767076
2767078 2767097
2767081 2767097
2767091 2767097
2767208 2767097
2767208 2767114
2767208 2767125
2767208 2767180
2767208 2767227
2767335 2767227
2767335 2767396
2767360 2767396
2767386 2767396
2767426 2767396
2767426 2767661
2767523 2767661
2767532 2767661
2767534 2767661
2767545 2767661
2767555 2767661
2767565 2767661
2767665 2767661
2767665 2767674
2767680 2767674
2767680 2767811
2767701 2767811
2767811 2767811
2767821 2767824
2767825 2767824
2767825 2767868
2767894 2767868
2767894 2768269
2767922 2768269
2767937 2768269
2767949 2768269
2767952 2768269
2768082 2768269
2768145 2768269
2768459 2768269
2768459 2768413
2768459 2768420
2768459 2768547
2768488 2768547
2768494 2768547
2768622 2768547
2768622 2768559
2768622 2768768
2768716 2768768
2768729 2768768
2768733 2768768
2768741 2768768
2768799 2768768
2768799 2768893
2768881 2768893
2768887 2768893
2768905 2768893
2768905 2768931
2768941 2768931
2768941 2769515
2768951 2769515
2769016 2769515
2769029 2769515
2769223 2769515
2769230 2769515
2769276 2769515
2769363 2769515
2769387 2769515
2769442 2769515
2769617 2769515
2769617 2769516
2769617 2769744
2769625 2769744
2769667 2769744
2769681 2769744
2769718 2769744
2769756 2769744
2769756 2769770
2769906 2769770
2769906 2769860
2769906 2769899
2769906 2769949
2770000 2769949
2770000 2770001
2770001 2770001
2770038 2770127
2770042 2770127
2770133 2770127
2770133 2770175
2770138 2770175
2770232 2770175
2770232 2770705
2770309 2770705
2770339 2770705
2770363 2770705
2770388 2770705
2770409 2770705
2770416 2770705
2770680 2770705
2770694 2770705
2770812 2770705
2770812 2770871
2770871 2770871
2770884 2770891
2770944 2770891
2770944 2770924
2770944 2812081
2812081 2812081
2816805 2816810
2824453 2816810
2824453 2824378
2824453 2824453
2842379 2850652
2850760 2850652
2850760 2850659
2850760 2850660
2850760 2850745
2850760 2850773
2850837 2850773
2850837 2850775
2850837 2850806
2850837 2850820
2850837 2850850
2850897 2850850
2850897 2850856
2850897 2850873
2850897 2850880
2850897 2850889
2850897 2850897
2851079 2850898
2851079 2850908
2851079 2851040
2851079 2851055
2851079 2851080
2851105 2851080
2851105 2851082
2851105 2851088
2851105 2851160
2851160 2851160
2863562 2851174
2863562 2867993
2868251 2867993
2868251 2868354
2868367 2868354
2868367 2868357
2868367 2868367
2881701 2868393
2881701 2872740
2881701 2881678
2881701 2881700
2881701 2881701
2881708 2881704
2881708 2881708
2881718 2881709
2881718 2881715
2881718 2881718
2881771 2881720
2881771 2881731
2881771 2881741
2881771 2881742
2881771 2881743
2881771 2881746
2881771 2881750
2881771 2881752
2881771 2881754
2881771 2881757
2881771 2881758
2881771 2881759
2881771 2881770
2881771 2881771
2881852 2881782
2881852 2881783
2881852 2881786
2881852 2881797
2881852 2881828
2881852 2881843
2881852 2881859
2881898 2881859
2881898 2881887
2881898 2881888
2881898 2881889
2881898 2881908
2881959 2881908
2881959 2881916
2881959 2881926
2881959 2881943
2881959 2881944
2881959 2881953
2881959 2881959
2881971 2881967
2881971 2881971
2881982 2881975
2881982 2881986
2881990 2881986
2881990 2881988
2881990 2881989
2881990 2881993
2882043 2881993
2882043 2881996
2882043 2881997
2882043 2882008
2882043 2882015
2882043 2882017
2882043 2882018
2882043 2882019
2882043 2882028
2882043 2882030
2882043 2882031
2882043 2882035
2882043 2882043
2882049 2882045
2882049 2882049
2882079 2882055
2882079 2882056
2882079 2882061
2882079 2882062
2882079 2882063
2882079 2882067
2882079 2882075
2882079 2882076
2882079 2882080
2882081 2882080
2882081 2882084
2882102 2882084
2882102 2882102
2882104 2882103
2882104 2882104
2882263 2882106
2882263 2882120
2882263 2882147
2882263 2882280
2882276 2882280
2882292 2882280
2882292 2882286
2882292 2882290
2882292 2882292
2882311 2882311
2882475 2882330
2882475 2882339
2882475 2882475
2882554 2882613
2882663 2882613
2882663 2882653
2882663 2882663
2883259 2882671
2883259 2883155
2883259 2883213
2883259 2883220
2883259 2883246
2883259 2883259
2883273 2883273
2883796 2883322
2883796 2883377
2883796 2883412
2883796 2883810
2884254 2883810
2884254 2883834
2884254 2884240
2884254 2884254
2884413 2884311
2884413 2884337
2884413 2884352
2884413 2884413
2884438 2884438
2884725 2884468
2884725 2884485
2884725 2884749
2885272 2884749
2885272 2884750
2885272 2884786
2885272 2884837
2885272 2884903
2885272 2884916
2885272 2885233
2885272 2885296
2885659 2885296
2885659 2885300
2885659 2885308
2885659 2885321
2885659 2885338
2885659 2885365
2885659 2885369
2885659 2885445
2885659 2885483
2885659 2885500
2885659 2885534
2885659 2885547
2885659 2885548
2885659 2885570
2885659 2885577
2885659 2885579
2885659 2885583
2885659 2885609
2885659 2885654
2885659 2885659
2885793 2885665
2885793 2885701
2885793 2885716
2885793 2885793
2885842 2885830
2885842 2885843
2886225 2885843
2886225 2885856
2886225 2886005
2886225 2886007
2886225 2886045
2886225 2886135
2886225 2886145
2886225 2886152
2886225 2886183
2886225 2886189
2886225 2886248
2886332 2886248
2886332 2886282
2886332 2886293
2886332 2886332
2886421 2886412
2886421 2886413
2886421 2886421
2886444 2886444
2886508 2886508
2886514 2886514
2886949 2886568
2886949 2886602
2886949 2886621
2886949 2886643
2886949 2886644
2886949 2886650
2886949 2886652
2886949 2886653
2886949 2886662
2886949 2886679
2886949 2886681
2886949 2886710
2886949 2886723
2886949 2886737
2886949 2886745
2886949 2886768
2886949 2886770
2886949 2886786
2886949 2886873
2886949 2887013
2886993 2887013
2887022 2887013
2887022 2887018
2887022 2887104
2887115 2887104
2887115 2887121
2887203 2887121
2887203 2887129
2887203 2887186
2887203 2887203
2887240 2887240
2887258 2887245
2887258 2887251
2887258 2887302
2887343 2887302
2887343 2887336
2887343 2887340
2887343 2887343
2887599 2887347
2887599 2887351
2887599 2887450
2887599 2887599
2887656 2887656
2887664 2887664
2887857 2887666
2887857 2887748
2887857 2887767
2887857 2887816
2887857 2887822
2887857 2887863
2887895 2887863
2887895 2887868
2887895 2887881
2887895 2887895
2888047 2887916
2888047 2887922
2888047 2887951
2888047 2887952
2888047 2887956
2888047 2887972
2888047 2887974
2888047 2887988
2888047 2887989
2888047 2887996
2888047 2888017
2888047 2888053
2888053 2888053
2888079 2888055
2888079 2888085
2888086 2888085
2888086 2888090
2888089 2888090
2888101 2888090
2888101 2888103
2888135 2888103
2888135 2888107
2888135 2888143
2888137 2888143
2888143 2888143
2888146 2888146
2888147 2888292
2888182 2888292
2888292 2888292
2888310 2888310
2888811 2888420
2888811 2888799
2888811 2888811
2889252 2888886
2889252 2889006
2889252 2889022
2889252 2889252
2889283 2889283
2889346 2889346
2889953 2889965
2889990 2889965
2889990 2890005
2893371 2890005
2893371 2890017
2893371 2890026
2893371 2893391
2893391 2893391
2893443 2893394
2893443 2893421
2893443 2893429
2893443 2893443
2905029 2898084
2905029 2898088
2905029 2899368
2905029 2905004
2905029 2905016
2905029 2905025
2905029 2905299
2908950 2905299
2908950 2908927
2908950 2908950
2914527 2908952
2914527 2914510
2914527 2930213
2986382 2930213
2986382 2953975
2986382 2954562
2986382 2986773
2986557 2986773
3006045 2986773
3006045 3006062
3006055 3006062
3021757 3006062
3021757 3021759
3021759 3021759
3021768 3029880
3029864 3029880
3038078 3029880
3038078 3047029
3038178 3047029
3038281 3047029
3046685 3047029
3046903 3047029
3047031 3047029
3047031 3047277
3047158 3047277
3047808 3047277
3047808 3047583
3047808 3048795
3049241 3048795
3049241 3049241
3049323 3049323
3049586 3049586
3052149 3051438
3052149 3062231
3052256 3062231
3062308 3062231
3062308 3062401
3062401 3062401
3062433 3062903
3063934 3062903
3063934 3063855
3063934 3064640
3064128 3064640
3064431 3064640
3066535 3064640
3066535 3064649
3066535 3064667
3066535 3066535
3066860 3066860
3068184 3068184
3068396 3068784
3069903 3068784
3069903 3069859
3069903 3070775
3070775 3070775
3070822 3071184
3070844 3071184
3074465 3071184
3074465 3073185
3074465 3074799
3094381 3074799
3094381 3074805
3094381 3075265
3094381 3102750
3102545 3102750
3102546 3102750
3102757 3102750
3102757 3111085
3110984 3111085
3111149 3111085
3111149 3111110
3111149 3111111
3111149 3111122
3111149 3111126
3111149 3111155
3119171 3111155
3119171 3119171
3150771 3119172
3150771 3127737
3150771 3127850
3150771 3150775
3150784 3150775
3150784 3150798
3150789 3150798
3243674 3150798
3243674 3150811
3243674 3174360
3243674 3243674
3244363 3326236
3326131 3326236
3326145 3326236
3326236 3326236
3542232 3742256
3589788 3742256
3742256 3742256
3742261 3742261
3742306 3742277
3742306 3742306
3742411 3742310
3742411 3742411
3743591 3744370
3743596 3744370
3744382 3744370
3744382 3744371
3744382 3744372
3744382 3744374
3744382 3744389
3744383 3744389
3744395 3744389
3744395 3744551
3744551 3744551
3746712 3744553
3746712 3744554
3746712 3748212
3750547 3748212
3750547 3750530
3750547 3750532
3750547 3750539
3750547 3750541
3750547 3750542
3750547 3750547
3750577 3750573
3750577 3750577
3751369 3750665
3751369 3751344
3751369 3751351
3751369 3751353
3751369 3751356
3751369 3751362
3751369 3751369
3751440 3751376
3751440 3751391
3751440 3751405
3751440 3751422
3751440 3751440
3751470 3751470
3751474 3751474
3751505 3751481
3751505 3751505
3751553 3751510
3751553 3751553
3751566 3751566
3751581 3751576
3751581 3751578
3751581 3751581
3751601 3751596
3751601 3751602
3751605 3751602
3751605 3751605
3751740 3751631
3751740 3751642
3751740 3751650
3751740 3751666
3751740 3751696
3751740 3751726
3751740 3751732
3751740 3751744
3751814 3751744
3751814 3751745
3751814 3751747
3751814 3751770
3751814 3751804
3751814 3751811
3751814 3751813
3751814 3751823
3751837 3751823
3751837 3751837
3751875 3751849
3751875 3751851
3751875 3751875
3751876 3751876
3751920 3751879
3751920 3751883
3751920 3751885
3751920 3751886
3751920 3751904
3751920 3751913
3751920 3751924
3751935 3751924
3751935 3751927
3751935 3751935
3751968 3751947
3751968 3751951
3751968 3751968
3752000 3751974
3752000 3751980
3752000 3751997
3752000 3752000
3752027 3752039
3752108 3752039
3752108 3752046
3752108 3752052
3752108 3752054
3752108 3752057
3752108 3752061
3752108 3752080
3752108 3752085
3752108 3752105
3752108 3752114
3752114 3752114
3752164 3752121
3752164 3752151
3752164 3752163
3752164 3752164
3752175 3752175
3752178 3752179
3752187 3752179
3752187 3752182
3752187 3752187
3752193 3752193
3752197 3752197
3752202 3752199
3752202 3752201
3752202 3752202
3752217 3752203
3752217 3752205
3752217 3752217
3752229 3752270
3752282 3752270
3752282 3752282
3752291 3752291
3752305 3752298
3752305 3752302
3752305 3752305
3752306 3752306
3752338 3752316
3752338 3752327
3752338 3752328
3752338 3752338
3752363 3752343
3752363 3752354
3752363 3752357
3752363 3752363
3752367 3752367
3752368 3752368
3752373 3752372
3752373 3752373
3752383 3752383
3797450 3797856
3797454 3797856
3797456 3797856
3797457 3797856
3797593 3797856
3797763 3797856
3797921 3797856
3797921 3857772
3816082 3857772
3857619 3857772
3857623 3857772
3857760 3857772
3857768 3857772
3857770 3857772
3857771 3857772
3857772 3857772
3857774 3926756
3858228 3926756
3858443 3926756
3926783 3926756
3926783 3926761
3926783 4012687
3984147 4012687
3984152 4012687
4012675 4012687
4138697 4012687
4138697 4138699
4138716 4138699
4138716 4273253
4273155 4273253
4273305 4273253
4273305 4273273
4273305 4273350
4273350 4273350
4273391 4273447
4273408 4273447
4273415 4273447
4273447 4273447
4275997 4276018
4276019 4276018
4276019 4276022
4276039 4276022
4276039 4276039
4276057 4276278
4276126 4276278
4276281 4276278
4276281 4276322
4276307 4276322
4276334 4276322
4276334 4276345
4276355 4276345
4276355 4276355
4402057 4336609
4402057 4336657
4402057 4402057
4575228 5099265
4771470 5099265
4902402 5099265
5099265 5099265
5099275 5295815
5230432 5295815
5361433 5295815
5361433 5557841
5492370 5557841
5623452 5557841
5623452 5688989
5689091 5688989
5689091 5754641
5885616 5754641
5885616 5754655
5885616 5885757
5885914 5885757
5885914 6017120
6019401 6017120
6019401 6024246
6019776 6024246
6021921 6024246
6024246 6024246
6052475 6031182
6052475 6052474
6052475 6066790
6058262 6066790
6058298 6066790
6061339 6066790
6066769 6066790
6066773 6066790
6066808 6066790
6066808 6066893
6066844 6066893
6066976 6066893
6066976 6066928
6066976 6067049
6066988 6067049
6067026 6067049
6067048 6067049
6067056 6067049
6067056 6067098
6067104 6067098
6067104 6067104
6067157 6073755
6068247 6073755
6068320 6073755
6073741 6073755
6073753 6073755
6073820 6073755
6073820 6073791
6073820 6073807
6073820 6073839
6073823 6073839
6073839 6073839
6073951 6073999
6073990 6073999
6078984 6073999
6078984 6074076
6078984 6074097
6078984 6074100
6078984 6074114
6078984 6074116
6078984 6075045
6078984 6077985
6078984 6077996
6078984 6078014
6078984 6078062
6078984 6078332
6078984 6078369
6078984 6078370
6078984 6078376
6078984 6078462
6078984 6078504
6078984 6078505
6078984 6078520
6078984 6078539
6078984 6078540
6078984 6078984
6078985 6078988
6079017 6078988
6079017 6079000
6079017 6079003
6079017 6079017
6079079 6079028
6079079 6079049
6079079 6079074
6079079 6079100
6079124 6079100
6079124 6079102
6079124 6079124
6079272 6079143
6079272 6079148
6079272 6079149
6079272 6079254
6079272 6079272
6079384 6079277
6079384 6079384
6079409 6079425
6079605 6079425
6079605 6079598
6079605 6079620
6079620 6079620
6080812 6082455
6143846 6082455
6143846 6145818
6143847 6145818
6143851 6145818
6145056 6145818
6145281 6145818
6145381 6145818
6146011 6145818
6146011 6145835
6146011 6145839
6146011 6146111
6147109 6146111
6147109 6146112
6147109 6146984
6147109 6147116
6147116 6147116
6147432 6148477
6147433 6148477
6147854 6148477
6147989 6148477
6148189 6148477
6148689 6148477
6148689 6149076
6150496 6149076
6150496 6149859
6150496 6149902
6150496 6150751
6150588 6150751
6150805 6150751
6150805 6150980
6150960 6150980
6151015 6150980
6151015 6150986
6151015 6151015
6151029 6151021
6151029 6151029
6151039 6151030
6151039 6151031
6151039 6151039
6151057 6151053
6151057 6151054
6151057 6151061
6224171 6151061
6224171 6151074
6224171 6224208
6224172 6224208
6224197 6224208
6224208 6224208
6320383 6267973
6320383 6268049
6320383 6320420
6320386 6320420
6320404 6320420
6320405 6320420
6320420 6320420
6320622 6429253
6321453 6429253
6364560 6429253
6454033 6429253
6454033 6454000
6454033 6454233
6498072 6454233
6498072 6455462
6498072 6498281
6525001 6498281
6525001 6522860
6525001 6524497
6525001 6524521
6525001 6524534
6525001 6524618
6525001 6524633
6525001 6524635
6525001 6525895
6525116 6525895
6527070 6525895
6527070 6527095
6527084 6527095
6527106 6527095
6527106 6527402
6527404 6527402
6527404 6527403
6527404 6530352
6527481 6530352
6528216 6530352
6535276 6530352
6535276 6540050
6536357 6540050
6536605 6540050
6538899 6540050
6540114 6540050
6540114 6540193
6540130 6540193
6540193 6540193
6541811 6542993
6546414 6542993
6546414 6543052
6546414 6543053
6546414 6543079
6546414 6544084
6546414 6552131
6547262 6552131
6552765 6552131
6552765 6552793
6552803 6552793
6552803 6552803
6552874 6552820
6552874 6552837
6552874 6552842
6552874 6552845
6552874 6552853
6552874 6552856
6552874 6552861
6552874 6552869
6552874 6554775
6552996 6554775
6554321 6554775
6618158 6554775
6618158 6618151
6618158 6618154
6618158 6618155
6618158 6618156
6618158 6666701
6688887 6666701
6688887 6667325
6688887 6667356
6688887 6688875
6688887 6688887
6690344 6689004
6690344 6689375
6690344 6689896
6690344 6689939
6690344 6691540
6690489 6691540
6691114 6691540
6693989 6691540
6693989 6693990
6694120 6693990
6694120 6696265
6697588 6696265
6697588 6696268
6697588 6696272
6697588 6697579
6697588 6697582
6697588 6707626
6707635 6707626
6707635 6707635
6707688 6707641
6707688 6707646
6707688 6707654
6707688 6707656
6707688 6707686
6707688 6707688
6707689 6707689
6707722 6707698
6707722 6707699
6707722 6707708
6707722 6707709
6707722 6707722
6707729 6707729
6707773 6707738
6707773 6707745
6707773 6707763
6707773 6707774
6707808 6707774
6707808 6707791
6707808 6707808
6707825 6707810
6707825 6707825
6707877 6707826
6707877 6707827
6707877 6707832
6707877 6707838
6707877 6707847
6707877 6707849
6707877 6707868
6707877 6707876
6707877 6707877
6708278 6707881
6708278 6707890
6708278 6707891
6708278 6707899
6708278 6707901
6708278 6707905
6708278 6707907
6708278 6707920
6708278 6708278
6708301 6708301
6708312 6708306
6708312 6708315
6708363 6708315
6708363 6708325
6708363 6708332
6708363 6708333
6708363 6708340
6708363 6708343
6708363 6708344
6708363 6708348
6708363 6708352
6708363 6708363
6708375 6708365
6708375 6708370
6708375 6708375
6708403 6708377
6708403 6708385
6708403 6708386
6708403 6708399
6708403 6708403
6708433 6708413
6708433 6708417
6708433 6708421
6708433 6708426
6708433 6708435
6708443 6708435
6708443 6708438
6708443 6708441
6708443 6708442
6708443 6708443
6708444 6708454
6708454 6708454
6708459 6708458
6708459 6708460
6708462 6708460
6708462 6708462
6708485 6708466
6708485 6708483
6708485 6708495
6708500 6708495
6708500 6708500
6708542 6708503
6708542 6708506
6708542 6708519
6708542 6708525
6708542 6708526
6708542 6708528
6708542 6708530
6708542 6708534
6708542 6708549
6708584 6708549
6708584 6708559
6708584 6708561
6708584 6708567
6708584 6708569
6708584 6708570
6708584 6708577
6708584 6708579
6708584 6708580
6708584 6708581
6708584 6708605
6708604 6708605
6708631 6708605
6708631 6708606
6708631 6708621
6708631 6708631
6708657 6708642
6708657 6708648
6708657 6708665
6708689 6708665
6708689 6708666
6708689 6708668
6708689 6708679
6708689 6708689
6708715 6708695
6708715 6708697
6708715 6708722
6708747 6708722
6708747 6708752
6708769 6708752
6708769 6708761
6708769 6708764
6708769 6708765
6708769 6708769
6708776 6708781
6708781 6708781
6708838 6708806
6708838 6708807
6708838 6708812
6708838 6708813
6708838 6708816
6708838 6708819
6708838 6708823
6708838 6708826
6708838 6708831
6708838 6708838
6708843 6708843
6708913 6708858
6708913 6708868
6708913 6708875
6708913 6708883
6708913 6708885
6708913 6708888
6708913 6708893
6708913 6708913
6708933 6708927
6708933 6708934
6708938 6708934
6708938 6708938
6708955 6708949
6708955 6708964
6709009 6708964
6709009 6708967
6709009 6708984
6709009 6708985
6709009 6708997
6709009 6708998
6709009 6708999
6709009 6709004
6709009 6709009
6709018 6709011
6709018 6709020
6709028 6709020
6709028 6709030
6709037 6709030
6709037 6709034
6709037 6709039
6709063 6709039
6709063 6709047
6709063 6709054
6709063 6709063
6709100 6709072
6709100 6709073
6709100 6709083
6709100 6709085
6709100 6709101
6709106 6709101
6709106 6709105
6709106 6709109
6709198 6709109
6709198 6709113
6709198 6709165
6709198 6709172
6709198 6709173
6709198 6709178
6709198 6709187
6709198 6709198
6709220 6709199
6709220 6709216
6709220 6709220
6709235 6709224
6709235 6709231
6709235 6709233
6709235 6709235
6709239 6709239
6709247 6709256
6709256 6709256
6709267 6709267
6709331 6709281
6709331 6709299
6709331 6709310
6709331 6709312
6709331 6709321
6709331 6709333
6709396 6709333
6709396 6709334
6709396 6709350
6709396 6709354
6709396 6709360
6709396 6709361
6709396 6709366
6709396 6709372
6709396 6709396
6709449 6709410
6709449 6709413
6709449 6709449
6709460 6709455
6709460 6709463
6709476 6709463
6709476 6709464
6709476 6709473
6709476 6709476
6709499 6709477
6709499 6709491
6709499 6709499
6709516 6709516
6709519 6709518
6709519 6709519
6709530 6709530
6709534 6709545
6709552 6709545
6709552 6709563
6709589 6709563
6709589 6709564
6709589 6709581
6709589 6709589
6709594 6709594
6709604 6709604
6709605 6709605
6709632 6709627
6709632 6709632
6709714 6709634
6709714 6709641
6709714 6709642
6709714 6709649
6709714 6709653
6709714 6709655
6709714 6709663
6709714 6709664
6709714 6709672
6709714 6709714
6709734 6709715
6709734 6709725
6709734 6709730
6709734 6709734
6709760 6709740
6709760 6709743
6709760 6709755
6709760 6709760
6709769 6709764
6709769 6709765
6709769 6709769
6709770 6709770
6709802 6709774
6709802 6709776
6709802 6709782
6709802 6709796
6709802 6709813
6709860 6709813
6709860 6709820
6709860 6709828
6709860 6709833
6709860 6709848
6709860 6709852
6709860 6709863
6709870 6709863
6709870 6709870
6709980 6709878
6709980 6709879
6709980 6709884
6709980 6709896
6709980 6709908
6709980 6709949
6709980 6709953
6709980 6709961
6709980 6709962
6709980 6709972
6709980 6709980
6709991 6709987
6709991 6709988
6709991 6709994
6710035 6709994
6710035 6710000
6710035 6710007
6710035 6752307
6751907 6752307
6752307 6752307
6797742 6797742
6797753 6797798
6797825 6797798
6797825 6797809
6797825 6797929
6797874 6797929
6797886 6797929
6797929 6797929
6798101 6797949
6798101 6798064
6798101 6798193
6798192 6798193
6798224 6798193
6798224 6798218
6798224 6798233
6798244 6798233
6798244 6798259
6798257 6798259
6798283 6798259
6798283 6798299
6798305 6798299
6798305 6798300
6798305 6798303
6798305 6798316
6798309 6798316
6798328 6798316
6798328 6798317
6798328 6798318
6798328 6798328
6798335 6798343
6798379 6798343
6798379 6798355
6798379 6798376
6798379 6798382
6798470 6798382
6798470 6798440
6798470 6798448
6798470 6798463
6798470 6798502
6798477 6798502
6798501 6798502
6798507 6798502
6798507 6798505
6798507 6798509
6798517 6798509
6798517 6798574
6798570 6798574
6798572 6798574
6798636 6798574
6798636 6798605
6798636 6798629
6798636 6798648
6798648 6798648
6798661 6798649
6798661 6798701
6798728 6798701
6798728 6798728
6798738 6798741
6798741 6798741
6798743 6798756
6798754 6798756
6798759 6798756
6798759 6798759
6798792 6798780
6798792 6798844
6798796 6798844
6798854 6798844
6798854 6800419
6799020 6800419
6799486 6800419
6799592 6800419
6799984 6800419
6800024 6800419
6800123 6800419
6800235 6800419
6800351 6800419
6800373 6800419
6800413 6800419
6800422 6800419
6800422 6800421
6800422 6800595
6800436 6800595
6800440 6800595
6800442 6800595
6800478 6800595
6800488 6800595
6800505 6800595
6800537 6800595
6800612 6800595
6800612 6800596
6800612 6800847
6800630 6800847
6800655 6800847
6800743 6800847
6800744 6800847
6800820 6800847
6800847 6800847
6800865 6800861
6800865 6800870
6800916 6800870
6800916 6800907
6800916 6801076
6800920 6801076
6800921 6801076
6800998 6801076
6801013 6801076
6801021 6801076
6801060 6801076
6801074 6801076
6801086 6801076
6801086 6801079
6801086 6801082
6801086 6801111
6801195 6801111
6801195 6801137
6801195 6801210
6801296 6801210
6801296 6801212
6801296 6801270
6801296 6801278
6801296 6801432
6801317 6801432
6801335 6801432
6801356 6801432
6801361 6801432
6801414 6801432
6801423 6801432
6801444 6801432
6801444 6801466
6801473 6801466
6801473 6801491
6801496 6801491
6801496 6801519
6801531 6801519
6801531 6801546
6801541 6801546
6801546 6801546
6801552 6801553
6801581 6801553
6801581 6801611
6801607 6801611
6801659 6801611
6801659 6801658
6801659 6801683
6801690 6801683
6801690 6801710
6801702 6801710
6801789 6801710
6801789 6801720
6801789 6801749
6801789 6801779
6801789 6801793
6801790 6801793
6801799 6801793
6801799 6801795
6801799 6801895
6801857 6801895
6801858 6801895
6801922 6801895
6801922 6801946
6801965 6801946
6801965 6802033
6802041 6802033
6802041 6802057
6802107 6802057
6802107 6927452
6927452 6927452
end 12
Call 23
246391 246391
True
7 8
7
75 76
75
1899 1900
1899
2622 2623
2622
246400 246453
246404 246453
246407 246453
246417 246453
246427 246453
246460 246453
246460 246672
246624 246672
246647 246672
246671 246672
246702 246672
246702 246702
246709 246748
246740 246748
246743 246748
246746 246748
246747 246748
246748 246748
246768 246782
246781 246782
246791 246782
246791 246783
246791 246786
246791 246795
246792 246795
246795 246795
246888 246920
246910 246920
246920 246920
247336 2491269
2491447 2491269
2491447 2491470
2491464 2491470
2491470 2491470
2584747 2586672
2584754 2586672
2584799 2586672
2586903 2586672
2586903 2586797
2586903 2587272
2586917 2587272
2587231 2587272
2587278 2587272
2587278 2587930
2587431 2587930
2588072 2587930
2588072 2588072
2588083 2588097
2588110 2588097
2588110 2588123
2588123 2588123
2588124 2588158
2588138 2588158
2588140 2588158
2588143 2588158
2588159 2588158
2588159 2588169
2588175 2588169
2588175 2588171
2588175 2588280
2588180 2588280
2588183 2588280
2588198 2588280
2588209 2588280
2588259 2588280
2588281 2588280
2588281 2588367
2588284 2588367
2588288 2588367
2588313 2588367
2588375 2588367
2588375 2588370
2588375 2588375
2588382 2588489
2588443 2588489
2588457 2588489
2588464 2588489
2588468 2588489
2588474 2588489
2588484 2588489
2588489 2588489
2588490 2588500
2588491 2588500
2588492 2588500
2588508 2588500
2588508 2588533
2588516 2588533
2588517 2588533
2588527 2588533
2588530 2588533
2588533 2588533
2588547 2588554
2588554 2588554
2588559 2588564
2588576 2588564
2588576 2588576
2588610 2588658
2588638 2588658
2588658 2588658
2588675 2588685
2588685 2588685
2588696 2588690
2588696 2588753
2588745 2588753
2588764 2588753
2588764 2620657
2588780 2620657
2620296 2620657
2620506 2620657
2620895 2620657
2620895 2620749
2620895 2621249
2621043 2621249
2621046 2621249
2621050 2621249
2621088 2621249
2621138 2621249
2621210 2621249
2621375 2621249
2621375 2621266
2621375 2621763
2621387 2621763
2621557 2621763
2621575 2621763
2621782 2621763
2621782 2621840
2621934 2621840
2621934 2621865
2621934 2622209
2621961 2622209
2621964 2622209
2621969 2622209
2622107 2622209
2622116 2622209
2622556 2622209
2622556 2622740
2622651 2622740
2622745 2622740
2622745 2622981
2622750 2622981
2622761 2622981
2622841 2622981
2622910 2622981
2622968 2622981
2622981 2622981
2623052 2623122
2623053 2623122
2623065 2623122
2623069 2623122
2623088 2623122
2623111 2623122
2623184 2623122
2623184 2623359
2623271 2623359
2623344 2623359
2623386 2623359
2623386 2623827
2623419 2623827
2623430 2623827
2623481 2623827
2623532 2623827
2623554 2623827
2623557 2623827
2623712 2623827
2623785 2623827
2623911 2623827
2623911 2653716
2623931 2653716
2623938 2653716
2624048 2653716
2624083 2653716
2634408 2653716
2653689 2653716
2653716 2653716
2653717 2653743
2653720 2653743
2653759 2653743
2653759 2653759
2653760 2653778
2653778 2653778
2653786 2653782
2653786 2653783
2653786 2653789
2653790 2653789
2653790 2653841
2653791 2653841
2653798 2653841
2653810 2653841
2653814 2653841
2653854 2653841
2653854 2653888
2653855 2653888
2653871 2653888
2653881 2653888
2653888 2653888
2653911 2653898
2653911 2653923
2653918 2653923
2653960 2653923
2653960 2653960
2653972 2653974
2653974 2653974
2653976 2653984
2653984 2653984
2653985 2654047
2653998 2654047
2654000 2654047
2654005 2654047
2654016 2654047
2654017 2654047
2654018 2654047
2654029 2654047
2654047 2654047
2654055 2654102
2654064 2654102
2654066 2654102
2654074 2654102
2654077 2654102
2654084 2654102
2654085 2654102
2654099 2654102
2654106 2654102
2654106 2654131
2654129 2654131
2654131 2654131
2654164 2654165
2654165 2654165
2654169 2654207
2654187 2654207
2654220 2654207
2654220 2654269
2654225 2654269
2654243 2654269
2654267 2654269
2654270 2654269
2654270 2654316
2654280 2654316
2654285 2654316
2654310 2654316
2654314 2654316
2654316 2654316
2654321 2654325
2654327 2654325
2654327 2654352
2654345 2654352
2654352 2654352
2654387 2654386
2654387 2654387
2654401 2654419
2654411 2654419
2654412 2654419
2654413 2654419
2654419 2654419
2654426 2654426
2654427 2654435
2654434 2654435
2654435 2654435
2654440 2654460
2654459 2654460
2654466 2654460
2654466 2654479
2654479 2654479
2654482 2654488
2654495 2654488
2654495 2654495
2654511 2658033
2654516 2658033
2654518 2658033
2654529 2658033
2654532 2658033
2654554 2658033
2654577 2658033
2654588 2658033
2658020 2658033
2658033 2658033
2658086 2658672
2658132 2658672
2658296 2658672
2658300 2658672
2658314 2658672
2658333 2658672
2658341 2658672
2658355 2658672
2658373 2658672
2658402 2658672
2658672 2658672
2658715 2662687
2658842 2662687
2662687 2662687
2662715 2669940
2669956 2669940
2669956 2669985
2669985 2669985
2670026 2670026
2670036 2670048
2670043 2670048
2670046 2670048
2670048 2670048
2670053 2670053
2670056 2670070
2670060 2670070
2670073 2670070
2670073 2670073
2676474 2677312
2676531 2677312
2677312 2677312
2686303 2677426
2686303 2704713
2686338 2704713
2686345 2704713
2700956 2704713
2701461 2704713
2701482 2704713
2701544 2704713
2701620 2704713
2701637 2704713
2701672 2704713
2701686 2704713
2701810 2704713
2701922 2704713
2701938 2704713
2702084 2704713
2702099 2704713
2702172 2704713
2702378 2704713
2702781 2704713
2702808 2704713
2702920 2704713
2702969 2704713
2703025 2704713
2703042 2704713
2703092 2704713
2703132 2704713
2703134 2704713
2703143 2704713
2703186 2704713
2703213 2704713
2703246 2704713
2703318 2704713
2703520 2704713
2703574 2704713
2703697 2704713
2703855 2704713
2703965 2704713
2704068 2704713
2704215 2704713
2704225 2704713
2704461 2704713
2704593 2704713
2704709 2704713
2704910 2704713
2704910 2708306
2704911 2708306
2704920 2708306
2704931 2708306
2705057 2708306
2705131 2708306
2705282 2708306
2705358 2708306
2705410 2708306
2705422 2708306
2705484 2708306
2705515 2708306
2705592 2708306
2705672 2708306
2705747 2708306
2705788 2708306
2705791 2708306
2705823 2708306
2705857 2708306
2705864 2708306
2705895 2708306
2705900 2708306
2706073 2708306
2706266 2708306
2706335 2708306
2706519 2708306
2706605 2708306
2706685 2708306
2706741 2708306
2706761 2708306
2706772 2708306
2706793 2708306
2706864 2708306
2707044 2708306
2707154 2708306
2707243 2708306
2707308 2708306
2707334 2708306
2707341 2708306
2707548 2708306
2707611 2708306
2707662 2708306
2707683 2708306
2707782 2708306
2707799 2708306
2707876 2708306
2708031 2708306
2708072 2708306
2708243 2708306
2708312 2708306
2708312 2710984
2708335 2710984
2708344 2710984
2708439 2710984
2708539 2710984
2708567 2710984
2708571 2710984
2708605 2710984
2708607 2710984
2708632 2710984
2708660 2710984
2708663 2710984
2708771 2710984
2708836 2710984
2708922 2710984
2709042 2710984
2709141 2710984
2709313 2710984
2709329 2710984
2709344 2710984
2709361 2710984
2709428 2710984
2709522 2710984
2709610 2710984
2709661 2710984
2709755 2710984
2709837 2710984
2709930 2710984
2709964 2710984
2709977 2710984
2710094 2710984
2710116 2710984
2710225 2710984
2710231 2710984
2710235 2710984
2710428 2710984
2710449 2710984
2710463 2710984
2710474 2710984
2710538 2710984
2710585 2710984
2710640 2710984
2710909 2710984
2710912 2710984
2710942 2710984
2711016 2710984
2711016 2711586
2711117 2711586
2711162 2711586
2711174 2711586
2711282 2711586
2711291 2711586
2711463 2711586
2711551 2711586
2711586 2711586
2711616 2721640
2711644 2721640
2711677 2721640
2711696 2721640
2711700 2721640
2711738 2721640
2711845 2721640
2711942 2721640
2711973 2721640
2711989 2721640
2711993 2721640
2712040 2721640
2712077 2721640
2712182 2721640
2712214 2721640
2712368 2721640
2712393 2721640
2712398 2721640
2712418 2721640
2712437 2721640
2712448 2721640
2712562 2721640
2712591 2721640
2712613 2721640
2712679 2721640
2712755 2721640
2712759 2721640
2712830 2721640
2713001 2721640
2713047 2721640
2713114 2721640
2713145 2721640
2713219 2721640
2713376 2721640
2713455 2721640
2713543 2721640
2713680 2721640
2713733 2721640
2713899 2721640
2713908 2721640
2713932 2721640
2714019 2721640
2714109 2721640
2714395 2721640
2714630 2721640
2714638 2721640
2714761 2721640
2714939 2721640
2715030 2721640
2715439 2721640
2715511 2721640
2715546 2721640
2715568 2721640
2715685 2721640
2715852 2721640
2715858 2721640
2715929 2721640
2716441 2721640
2716591 2721640
2716777 2721640
2716780 2721640
2716824 2721640
2716853 2721640
2716879 2721640
2716918 2721640
2717008 2721640
2717015 2721640
2717423 2721640
2717472 2721640
2717616 2721640
2717683 2721640
2717717 2721640
2717762 2721640
2717817 2721640
2718104 2721640
2718111 2721640
2718193 2721640
2718494 2721640
2718709 2721640
2718805 2721640
2718810 2721640
2718840 2721640
2719102 2721640
2719123 2721640
2719131 2721640
2719261 2721640
2719321 2721640
2719384 2721640
2719415 2721640
2719440 2721640
2719713 2721640
2719883 2721640
2720137 2721640
2720155 2721640
2720182 2721640
2720186 2721640
2720227 2721640
2720252 2721640
2720594 2721640
2720678 2721640
2720797 2721640
2721115 2721640
2721398 2721640
2721477 2721640
2721513 2721640
2721525 2721640
2721587 2721640
2721632 2721640
2721640 2721640
2721845 2723079
2721970 2723079
2721975 2723079
2721977 2723079
2722027 2723079
2722187 2723079
2722294 2723079
2722446 2723079
2722482 2723079
2722553 2723079
2722607 2723079
2722608 2723079
2722618 2723079
2722676 2723079
2722755 2723079
2723033 2723079
2723046 2723079
2723098 2723079
2723098 2724339
2723194 2724339
2723239 2724339
2723318 2724339
2723403 2724339
2723774 2724339
2723837 2724339
2723910 2724339
2723912 2724339
2723988 2724339
2724230 2724339
2724363 2724339
2724363 2755764
2724418 2755764
2724466 2755764
2724530 2755764
2724583 2755764
2724605 2755764
2724632 2755764
2724688 2755764
2724689 2755764
2724773 2755764
2724980 2755764
2725036 2755764
2725066 2755764
2725161 2755764
2725426 2755764
2725626 2755764
2725671 2755764
2725812 2755764
2725813 2755764
2725821 2755764
2725935 2755764
2725997 2755764
2726141 2755764
2726294 2755764
2726474 2755764
2726548 2755764
2726643 2755764
2726677 2755764
2728651 2755764
2730354 2755764
2734772 2755764
2734782 2755764
2736014 2755764
2736552 2755764
2736657 2755764
2736749 2755764
2736806 2755764
2736986 2755764
2736988 2755764
2737089 2755764
2737101 2755764
2737112 2755764
2737217 2755764
2737231 2755764
2737242 2755764
2737296 2755764
2737467 2755764
2737498 2755764
2737542 2755764
2737657 2755764
2737987 2755764
2738017 2755764
2738045 2755764
2738142 2755764
2738164 2755764
2738209 2755764
2738391 2755764
2738426 2755764
2738616 2755764
2738869 2755764
2739138 2755764
2739180 2755764
2739209 2755764
2739300 2755764
2739369 2755764
2739531 2755764
2739634 2755764
2739697 2755764
2739769 2755764
2739795 2755764
2739801 2755764
2739848 2755764
2739876 2755764
2739919 2755764
2740025 2755764
2740028 2755764
2740211 2755764
2740240 2755764
2740241 2755764
2740583 2755764
2740590 2755764
2740639 2755764
2740705 2755764
2740769 2755764
2740774 2755764
2741097 2755764
2741511 2755764
2741531 2755764
2741662 2755764
2741821 2755764
2741957 2755764
2742023 2755764
2742213 2755764
2742238 2755764
2742352 2755764
2742446 2755764
2742453 2755764
2742485 2755764
2742514 2755764
2743042 2755764
2743102 2755764
2743124 2755764
2743152 2755764
2743299 2755764
2743346 2755764
2743391 2755764
2743661 2755764
2743667 2755764
2743931 2755764
2743934 2755764
2744348 2755764
2744350 2755764
2744414 2755764
2744523 2755764
2744823 2755764
2745086 2755764
2745148 2755764
2745616 2755764
2745620 2755764
2745658 2755764
2745765 2755764
2745771 2755764
2745810 2755764
2745848 2755764
2745850 2755764
2745912 2755764
2746041 2755764
2746185 2755764
2746204 2755764
2746380 2755764
2746590 2755764
2746796 2755764
2746918 2755764
2746937 2755764
2747074 2755764
2747121 2755764
2747127 2755764
2747436 2755764
2747439 2755764
2747667 2755764
2747752 2755764
2747798 2755764
2747870 2755764
2747909 2755764
2748078 2755764
2748231 2755764
2748540 2755764
2748648 2755764
2748649 2755764
2748759 2755764
2748924 2755764
2749216 2755764
2749222 2755764
2749550 2755764
2749582 2755764
2749695 2755764
2749758 2755764
2749922 2755764
2749929 2755764
2750177 2755764
2750247 2755764
2750254 2755764
2750379 2755764
2750430 2755764
2750460 2755764
2750476 2755764
2750500 2755764
2750536 2755764
2750586 2755764
2750605 2755764
2750748 2755764
2750791 2755764
2751010 2755764
2751034 2755764
2751082 2755764
2751182 2755764
2751331 2755764
2751444 2755764
2751445 2755764
2751592 2755764
2751600 2755764
2751643 2755764
2751793 2755764
2751847 2755764
2751912 2755764
2751913 2755764
2752035 2755764
2752046 2755764
2752108 2755764
2752187 2755764
2752335 2755764
2752431 2755764
2752473 2755764
2752486 2755764
2752560 2755764
2752582 2755764
2752603 2755764
2752643 2755764
2752733 2755764
2752750 2755764
2752806 2755764
2752946 2755764
2753019 2755764
2753109 2755764
2753418 2755764
2753556 2755764
2753608 2755764
2753651 2755764
2753711 2755764
2753813 2755764
2753816 2755764
2753834 2755764
2753869 2755764
2753929 2755764
2754071 2755764
2754075 2755764
2754079 2755764
2754183 2755764
2754184 2755764
2754238 2755764
2754315 2755764
2754404 2755764
2754413 2755764
2754449 2755764
2754611 2755764
2754631 2755764
2754662 2755764
2754743 2755764
2754828 2755764
2754847 2755764
2754981 2755764
2754983 2755764
2754985 2755764
2755005 2755764
2755147 2755764
2755176 2755764
2755213 2755764
2755297 2755764
2755320 2755764
2755332 2755764
2755335 2755764
2755417 2755764
2755430 2755764
2755431 2755764
2755441 2755764
2755496 2755764
2755625 2755764
2755654 2755764
2755709 2755764
2755764 2755764
2755768 2760946
2755782 2760946
2755792 2760946
2755795 2760946
2755860 2760946
2755867 2760946
2755875 2760946
2755939 2760946
2755963 2760946
2756059 2760946
2756180 2760946
2756306 2760946
2756404 2760946
2756456 2760946
2756520 2760946
2756593 2760946
2756624 2760946
2756702 2760946
2756703 2760946
2756780 2760946
2756867 2760946
2756930 2760946
2756951 2760946
2756974 2760946
2757040 2760946
2757169 2760946
2757268 2760946
2757347 2760946
2757372 2760946
2757466 2760946
2757536 2760946
2757689 2760946
2757761 2760946
2758165 2760946
2758186 2760946
2758204 2760946
2758498 2760946
2758580 2760946
2758584 2760946
2758843 2760946
2759032 2760946
2759195 2760946
2759199 2760946
2759426 2760946
2759430 2760946
2759458 2760946
2759528 2760946
2759579 2760946
2759586 2760946
2759772 2760946
2759775 2760946
2759905 2760946
2759910 2760946
2759912 2760946
2759922 2760946
2760023 2760946
2760056 2760946
2760082 2760946
2760094 2760946
2760282 2760946
2760365 2760946
2760496 2760946
2760520 2760946
2760532 2760946
2760613 2760946
2760621 2760946
2760675 2760946
2760682 2760946
2760758 2760946
2760792 2760946
2760926 2760946
2761020 2760946
2761020 2850760
2761024 2850760
2761125 2850760
2761206 2850760
2761247 2850760
2761253 2850760
2761254 2850760
2761259 2850760
2761445 2850760
2761447 2850760
2761451 2850760
2761533 2850760
2761665 2850760
2761802 2850760
2762016 2850760
2762087 2850760
2762088 2850760
2762158 2850760
2762467 2850760
2762489 2850760
2762636 2850760
2762766 2850760
2762807 2850760
2762826 2850760
2762855 2850760
2762890 2850760
2762894 2850760
2762933 2850760
2762937 2850760
2762942 2850760
2762947 2850760
2763054 2850760
2763078 2850760
2763093 2850760
2763187 2850760
2763283 2850760
2763421 2850760
2763433 2850760
2763475 2850760
2763495 2850760
2763499 2850760
2763537 2850760
2763585 2850760
2763653 2850760
2763756 2850760
2763772 2850760
2763868 2850760
2764037 2850760
2764042 2850760
2764221 2850760
2764296 2850760
2764299 2850760
2764300 2850760
2764354 2850760
2764391 2850760
2764392 2850760
2764470 2850760
2764483 2850760
2764517 2850760
2764548 2850760
2764573 2850760
2764583 2850760
2764601 2850760
2764686 2850760
2764692 2850760
2764798 2850760
2764801 2850760
2764818 2850760
2764847 2850760
2764866 2850760
2764896 2850760
2764907 2850760
2764938 2850760
2764977 2850760
2765036 2850760
2765102 2850760
2765206 2850760
2765243 2850760
2765389 2850760
2765420 2850760
2765447 2850760
2765449 2850760
2765467 2850760
2765503 2850760
2765571 2850760
2765653 2850760
2765677 2850760
2765839 2850760
2765841 2850760
2766197 2850760
2766213 2850760
2766514 2850760
2766631 2850760
2766728 2850760
2766776 2850760
2766778 2850760
2766779 2850760
2766795 2850760
2766924 2850760
2766934 2850760
2766970 2850760
2767076 2850760
2767097 2850760
2767114 2850760
2767125 2850760
2767180 2850760
2767227 2850760
2767396 2850760
2767661 2850760
2767674 2850760
2767811 2850760
2767824 2850760
2767868 2850760
2768269 2850760
2768413 2850760
2768420 2850760
2768547 2850760
2768559 2850760
2768768 2850760
2768893 2850760
2768931 2850760
2769515 2850760
2769516 2850760
2769744 2850760
2769770 2850760
2769860 2850760
2769899 2850760
2769949 2850760
2770001 2850760
2770127 2850760
2770175 2850760
2770705 2850760
2770871 2850760
2770891 2850760
2770924 2850760
2812081 2850760
2816810 2850760
2824378 2850760
2824453 2850760
2850652 2850760
2850659 2850760
2850660 2850760
2850745 2850760
2850773 2850760
2850773 2850889
2850775 2850889
2850806 2850889
2850820 2850889
2850850 2850889
2850856 2850889
2850873 2850889
2850880 2850889
2850889 2850889
2850897 2851059
2850898 2851059
2850908 2851059
2851040 2851059
2851055 2851059
2851080 2851059
2851080 2851070
2851080 2851088
2851082 2851088
2851088 2851088
2851160 2851130
2851160 2851174
2851174 2851174
2867993 2851941
2867993 2868393
2868354 2868393
2868357 2868393
2868367 2868393
2868393 2868393
2872740 2871941
2872740 2881677
2881678 2881677
2881678 2881700
2881700 2881700
2881701 2881704
2881704 2881704
2881708 2881711
2881709 2881711
2881715 2881711
2881715 2881754
2881718 2881754
2881720 2881754
2881731 2881754
2881741 2881754
2881742 2881754
2881743 2881754
2881746 2881754
2881750 2881754
2881752 2881754
2881754 2881754
2881757 2881766
2881758 2881766
2881759 2881766
2881770 2881766
2881770 2881770
2881771 2881771
2881782 2881852
2881783 2881852
2881786 2881852
2881797 2881852
2881828 2881852
2881843 2881852
2881859 2881852
2881859 2881888
2881887 2881888
2881888 2881888
2881889 2881916
2881908 2881916
2881916 2881916
2881926 2881959
2881943 2881959
2881944 2881959
2881953 2881959
2881959 2881959
2881967 2881986
2881971 2881986
2881975 2881986
2881986 2881986
2881988 2881990
2881989 2881990
2881993 2881990
2881993 2882001
2881996 2882001
2881997 2882001
2882008 2882001
2882008 2882015
2882015 2882015
2882017 2882044
2882018 2882044
2882019 2882044
2882028 2882044
2882030 2882044
2882031 2882044
2882035 2882044
2882043 2882044
2882045 2882044
2882045 2882053
2882049 2882053
2882055 2882053
2882055 2882063
2882056 2882063
2882061 2882063
2882062 2882063
2882063 2882063
2882067 2882075
2882075 2882075
2882076 2882076
2882080 2882106
2882084 2882106
2882102 2882106
2882103 2882106
2882104 2882106
2882106 2882106
2882120 2882120
2882147 2882159
2882280 2882159
2882280 2882179
2882280 2882280
2882286 2882292
2882290 2882292
2882292 2882292
2882311 2882311
2882330 2882613
2882339 2882613
2882475 2882613
2882613 2882613
2882653 2882843
2882663 2882843
2882671 2882843
2883155 2882843
2883155 2883184
2883213 2883184
2883213 2883213
2883220 2883259
2883246 2883259
2883259 2883259
2883273 2883377
2883322 2883377
2883377 2883377
2883412 2883796
2883810 2883796
2883810 2883810
2883834 2883868
2884240 2883868
2884240 2884254
2884254 2884254
2884311 2884352
2884337 2884352
2884352 2884352
2884413 2884413
2884438 2884786
2884468 2884786
2884485 2884786
2884749 2884786
2884750 2884786
2884786 2884786
2884837 2884837
2884903 2884903
2884916 2884956
2885233 2884956
2885233 2885186
2885233 2885339
2885296 2885339
2885300 2885339
2885308 2885339
2885321 2885339
2885338 2885339
2885365 2885339
2885365 2885358
2885365 2885365
2885369 2885445
2885445 2885445
2885483 2885500
2885500 2885500
2885534 2885534
2885547 2885583
2885548 2885583
2885570 2885583
2885577 2885583
2885579 2885583
2885583 2885583
2885609 2885758
2885654 2885758
2885659 2885758
2885665 2885758
2885701 2885758
2885716 2885758
2885793 2885758
2885793 2885793
2885830 2885830
2885843 2885855
2885856 2885855
2885856 2886005
2886005 2886005
2886007 2886049
2886045 2886049
2886135 2886049
2886135 2886189
2886145 2886189
2886152 2886189
2886183 2886189
2886189 2886189
2886248 2886421
2886282 2886421
2886293 2886421
2886332 2886421
2886412 2886421
2886413 2886421
2886421 2886421
2886444 2886621
2886508 2886621
2886514 2886621
2886568 2886621
2886602 2886621
2886621 2886621
2886643 2886650
2886644 2886650
2886650 2886650
2886652 2886662
2886653 2886662
2886662 2886662
2886679 2886710
2886681 2886710
2886710 2886710
2886723 2886723
2886737 2886737
2886745 2886741
2886745 2886745
2886768 2886770
2886770 2886770
2886786 2886778
2886786 2886789
2886873 2886789
2886873 2887013
2887013 2887013
2887018 2887018
2887104 2887104
2887121 2887245
2887129 2887245
2887186 2887245
2887203 2887245
2887240 2887245
2887245 2887245
2887251 2887258
2887302 2887258
2887302 2887343
2887336 2887343
2887340 2887343
2887343 2887343
2887347 2887599
2887351 2887599
2887450 2887599
2887599 2887599
2887656 2887767
2887664 2887767
2887666 2887767
2887748 2887767
2887767 2887767
2887816 2887822
2887822 2887822
2887863 2887857
2887863 2887872
2887868 2887872
2887881 2887872
2887881 2887952
2887895 2887952
2887916 2887952
2887922 2887952
2887951 2887952
2887952 2887952
2887956 2887974
2887972 2887974
2887974 2887974
2887988 2887979
2887988 2887988
2887989 2887996
2887996 2887996
2888017 2888012
2888017 2888053
2888053 2888053
2888055 2888103
2888085 2888103
2888090 2888103
2888103 2888103
2888107 2888137
2888143 2888137
2888143 2888374
2888146 2888374
2888292 2888374
2888310 2888374
2888420 2888374
2888420 2888886
2888799 2888886
2888811 2888886
2888886 2888886
2889006 2889022
2889022 2889022
2889252 2889346
2889283 2889346
2889346 2889346
2889965 2889992
2890005 2889992
2890005 2890005
2890017 2890026
2890026 2890026
2893391 2893394
2893394 2893394
2893421 2893421
2893429 2893429
2893443 2893452
2898084 2893452
2898084 2914522
2898088 2914522
2899368 2914522
2905004 2914522
2905016 2914522
2905025 2914522
2905299 2914522
2908927 2914522
2908950 2914522
2908952 2914522
2914510 2914522
2930213 2914522
2930213 3119172
2953975 3119172
2954562 3119172
2986773 3119172
3006062 3119172
3021759 3119172
3029880 3119172
3047029 3119172
3047277 3119172
3047583 3119172
3048795 3119172
3049241 3119172
3049323 3119172
3049586 3119172
3051438 3119172
3062231 3119172
3062401 3119172
3062903 3119172
3063855 3119172
3064640 3119172
3064649 3119172
3064667 3119172
3066535 3119172
3066860 3119172
3068184 3119172
3068784 3119172
3069859 3119172
3070775 3119172
3071184 3119172
3073185 3119172
3074799 3119172
3074805 3119172
3075265 3119172
3102750 3119172
3111085 3119172
3111110 3119172
3111111 3119172
3111122 3119172
3111126 3119172
3111155 3119172
3119171 3119172
3119172 3119172
3127737 3327632
3127850 3327632
3150775 3327632
3150798 3327632
3150811 3327632
3174360 3327632
3243674 3327632
3326236 3327632
3742256 3327632
3742256 3742254
3742256 3742261
3742261 3742261
3742277 3742306
3742306 3742306
3742310 3750530
3742411 3750530
3744370 3750530
3744371 3750530
3744372 3750530
3744374 3750530
3744389 3750530
3744551 3750530
3744553 3750530
3744554 3750530
3748212 3750530
3750530 3750530
3750532 3750532
3750539 3750534
3750539 3750541
3750541 3750541
3750542 3750542
3750547 3750547
3750573 3751337
3750577 3751337
3750665 3751337
3751344 3751337
3751344 3751351
3751351 3751351
3751353 3751353
3751356 3751362
3751362 3751362
3751369 3751369
3751376 3751376
3751391 3751391
3751405 3751422
3751422 3751422
3751440 3751440
3751470 3751470
3751474 3751474
3751481 3751518
3751505 3751518
3751510 3751518
3751553 3751518
3751553 3751553
3751566 3751566
3751576 3751573
3751576 3751576
3751578 3751605
3751581 3751605
3751596 3751605
3751602 3751605
3751605 3751605
3751631 3751631
3751642 3751696
3751650 3751696
3751666 3751696
3751696 3751696
3751726 3751747
3751732 3751747
3751744 3751747
3751745 3751747
3751747 3751747
3751770 3751786
3751804 3751786
3751804 3751811
3751811 3751811
3751813 3751823
3751823 3751823
3751837 3751851
3751849 3751851
3751851 3751851
3751875 3751869
3751875 3751875
3751876 3751879
3751879 3751879
3751883 3751885
3751885 3751885
3751886 3751886
3751904 3751895
3751904 3751920
3751913 3751920
3751924 3751920
3751924 3751924
3751927 3751930
3751935 3751930
3751935 3751932
3751935 3751947
3751947 3751947
3751951 3751951
3751968 3751968
3751974 3751982
3751980 3751982
3751997 3751982
3751997 3752000
3752000 3752000
3752039 3752027
3752039 3752046
3752046 3752046
3752052 3752054
3752054 3752054
3752057 3752057
3752061 3752105
3752080 3752105
3752085 3752105
3752105 3752105
3752114 3752114
3752121 3752120
3752121 3752121
3752151 3752130
3752151 3752151
3752163 3752157
3752163 3752175
3752164 3752175
3752175 3752175
3752179 3752179
3752182 3752180
3752182 3752182
3752187 3752187
3752193 3752205
3752197 3752205
3752199 3752205
3752201 3752205
3752202 3752205
3752203 3752205
3752205 3752205
3752217 3752211
3752217 3752291
3752270 3752291
3752282 3752291
3752291 3752291
3752298 3752298
3752302 3752303
3752305 3752303
3752305 3752305
3752306 3752316
3752316 3752316
3752327 3752351
3752328 3752351
3752338 3752351
3752343 3752351
3752354 3752351
3752354 3752354
3752357 3752367
3752363 3752367
3752367 3752367
3752368 3752368
3752372 3752372
3752373 5230237
3752383 5230237
3797856 5230237
3857772 5230237
3926756 5230237
3926761 5230237
4012687 5230237
4138699 5230237
4273253 5230237
4273273 5230237
4273350 5230237
4273447 5230237
4276018 5230237
4276022 5230237
4276039 5230237
4276278 5230237
4276322 5230237
4276345 5230237
4276355 5230237
4336609 5230237
4336657 5230237
4402057 5230237
5099265 5230237
5295815 5230237
5295815 6026455
5557841 6026455
5688989 6026455
5754641 6026455
5754655 6026455
5885757 6026455
6017120 6026455
6024246 6026455
6031182 6026455
6031182 6077939
6052474 6077939
6066790 6077939
6066893 6077939
6066928 6077939
6067049 6077939
6067098 6077939
6067104 6077939
6073755 6077939
6073791 6077939
6073807 6077939
6073839 6077939
6073999 6077939
6074076 6077939
6074097 6077939
6074100 6077939
6074114 6077939
6074116 6077939
6075045 6077939
6077985 6077939
6077985 6077985
6077996 6077996
6078014 6078332
6078062 6078332
6078332 6078332
6078369 6078462
6078370 6078462
6078376 6078462
6078462 6078462
6078504 6078505
6078505 6078505
6078520 6078520
6078539 6078529
6078539 6078980
6078540 6078980
6078984 6078980
6078984 6079003
6078988 6079003
6079000 6079003
6079003 6079003
6079017 6079043
6079028 6079043
6079049 6079043
6079049 6079079
6079074 6079079
6079100 6079079
6079100 6079100
6079102 6079124
6079124 6079124
6079143 6079137
6079143 6079143
6079148 6079148
6079149 6079272
6079254 6079272
6079272 6079272
6079277 6079277
6079384 6079620
6079425 6079620
6079598 6079620
6079620 6079620
6082455 6143949
6145818 6143949
6145818 6150978
6145835 6150978
6145839 6150978
6146111 6150978
6146112 6150978
6146984 6150978
6147116 6150978
6148477 6150978
6149076 6150978
6149859 6150978
6149902 6150978
6150751 6150978
6150980 6150978
6150980 6151009
6150986 6151009
6151015 6151009
6151015 6151026
6151021 6151026
6151029 6151026
6151029 6151029
6151030 6151054
6151031 6151054
6151039 6151054
6151053 6151054
6151054 6151054
6151061 6151074
6151074 6151074
6224208 6267793
6267973 6267793
6267973 6527404
6268049 6527404
6320420 6527404
6429253 6527404
6454000 6527404
6454233 6527404
6455462 6527404
6498281 6527404
6522860 6527404
6524497 6527404
6524521 6527404
6524534 6527404
6524618 6527404
6524633 6527404
6524635 6527404
6525895 6527404
6527095 6527404
6527402 6527404
6527403 6527404
6530352 6527404
6530352 6530352
6540050 6552803
6540193 6552803
6542993 6552803
6543052 6552803
6543053 6552803
6543079 6552803
6544084 6552803
6552131 6552803
6552793 6552803
6552803 6552803
6552820 6552820
6552837 6552845
6552842 6552845
6552845 6552845
6552853 6552874
6552856 6552874
6552861 6552874
6552869 6552874
6554775 6552874
6554775 6618173
6618151 6618173
6618154 6618173
6618155 6618173
6618156 6618173
6666701 6618173
6666701 6666701
6667325 6688875
6667356 6688875
6688875 6688875
6688887 6691540
6689004 6691540
6689375 6691540
6689896 6691540
6689939 6691540
6691540 6691540
6693990 6692337
6693990 6696258
6696265 6696258
6696265 6696265
6696268 6696268
6696272 6697582
6697579 6697582
6697582 6697582
6707626 6707644
6707635 6707644
6707641 6707644
6707646 6707644
6707646 6707654
6707654 6707654
6707656 6707663
6707686 6707663
6707686 6707679
6707686 6707684
6707686 6707703
6707688 6707703
6707689 6707703
6707698 6707703
6707699 6707703
6707708 6707703
6707708 6707738
6707709 6707738
6707722 6707738
6707729 6707738
6707738 6707738
6707745 6707763
6707763 6707763
6707774 6707794
6707791 6707794
6707808 6707794
6707808 6707813
6707810 6707813
6707825 6707813
6707825 6707824
6707825 6707825
6707826 6707834
6707827 6707834
6707832 6707834
6707838 6707834
6707838 6707849
6707847 6707849
6707849 6707849
6707868 6707877
6707876 6707877
6707877 6707877
6707881 6707878
6707881 6707916
6707890 6707916
6707891 6707916
6707899 6707916
6707901 6707916
6707905 6707916
6707907 6707916
6707920 6707916
6707920 6708325
6708278 6708325
6708301 6708325
6708306 6708325
6708315 6708325
6708325 6708325
6708332 6708333
6708333 6708333
6708340 6708352
6708343 6708352
6708344 6708352
6708348 6708352
6708352 6708352
6708363 6708365
6708365 6708365
6708370 6708368
6708370 6708377
6708375 6708377
6708377 6708377
6708385 6708388
6708386 6708388
6708399 6708388
6708399 6708438
6708403 6708438
6708413 6708438
6708417 6708438
6708421 6708438
6708426 6708438
6708435 6708438
6708438 6708438
6708441 6708440
6708441 6708442
6708442 6708442
6708443 6708443
6708454 6708451
6708454 6708454
6708458 6708485
6708460 6708485
6708462 6708485
6708466 6708485
6708483 6708485
6708495 6708485
6708495 6708545
6708500 6708545
6708503 6708545
6708506 6708545
6708519 6708545
6708525 6708545
6708526 6708545
6708528 6708545
6708530 6708545
6708534 6708545
6708549 6708545
6708549 6708577
6708559 6708577
6708561 6708577
6708567 6708577
6708569 6708577
6708570 6708577
6708577 6708577
6708579 6708621
6708580 6708621
6708581 6708621
6708605 6708621
6708606 6708621
6708621 6708621
6708631 6708657
6708642 6708657
6708648 6708657
6708665 6708657
6708665 6708666
6708666 6708666
6708668 6708668
6708679 6708689
6708689 6708689
6708695 6708715
6708697 6708715
6708722 6708715
6708722 6708722
6708752 6708790
6708761 6708790
6708764 6708790
6708765 6708790
6708769 6708790
6708781 6708790
6708806 6708790
6708806 6708812
6708807 6708812
6708812 6708812
6708813 6708813
6708816 6708823
6708819 6708823
6708823 6708823
6708826 6708860
6708831 6708860
6708838 6708860
6708843 6708860
6708858 6708860
6708868 6708860
6708868 6708922
6708875 6708922
6708883 6708922
6708885 6708922
6708888 6708922
6708893 6708922
6708913 6708922
6708927 6708922
6708927 6708949
6708934 6708949
6708938 6708949
6708949 6708949
6708964 6708963
6708964 6708964
6708967 6708971
6708984 6708971
6708984 6708978
6708984 6709020
6708985 6709020
6708997 6709020
6708998 6709020
6708999 6709020
6709004 6709020
6709009 6709020
6709011 6709020
6709020 6709020
6709030 6709028
6709030 6709039
6709034 6709039
6709039 6709039
6709047 6709065
6709054 6709065
6709063 6709065
6709072 6709065
6709072 6709086
6709073 6709086
6709083 6709086
6709085 6709086
6709101 6709086
6709101 6709101
6709105 6709105
6709109 6709113
6709113 6709113
6709165 6709178
6709172 6709178
6709173 6709178
6709178 6709178
6709187 6709187
6709198 6709193
6709198 6709198
6709199 6709203
6709216 6709203
6709216 6709217
6709220 6709217
6709220 6709231
6709224 6709231
6709231 6709231
6709233 6709241
6709235 6709241
6709239 6709241
6709256 6709241
6709256 6709264
6709267 6709264
6709267 6709286
6709281 6709286
6709299 6709286
6709299 6709299
6709310 6709311
6709312 6709311
6709312 6709312
6709321 6709321
6709333 6709336
6709334 6709336
6709350 6709336
6709350 6709350
6709354 6709361
6709360 6709361
6709361 6709361
6709366 6709366
6709372 6709463
6709396 6709463
6709410 6709463
6709413 6709463
6709449 6709463
6709455 6709463
6709463 6709463
6709464 6709491
6709473 6709491
6709476 6709491
6709477 6709491
6709491 6709491
6709499 6709518
6709516 6709518
6709518 6709518
6709519 6709564
6709530 6709564
6709545 6709564
6709563 6709564
6709564 6709564
6709581 6709604
6709589 6709604
6709594 6709604
6709604 6709604
6709605 6709627
6709627 6709627
6709632 6709634
6709634 6709634
6709641 6709653
6709642 6709653
6709649 6709653
6709653 6709653
6709655 6709672
6709663 6709672
6709664 6709672
6709672 6709672
6709714 6709714
6709715 6709725
6709725 6709725
6709730 6709730
6709734 6709734
6709740 6709740
6709743 6709764
6709755 6709764
6709760 6709764
6709764 6709764
6709765 6709767
6709769 6709767
6709769 6709769
6709770 6709796
6709774 6709796
6709776 6709796
6709782 6709796
6709796 6709796
6709813 6709813
6709820 6709860
6709828 6709860
6709833 6709860
6709848 6709860
6709852 6709860
6709863 6709860
6709863 6709866
6709870 6709866
6709870 6709870
6709878 6709879
6709879 6709879
6709884 6709884
6709896 6709908
6709908 6709908
6709949 6709927
6709949 6709931
6709949 6709994
6709953 6709994
6709961 6709994
6709962 6709994
6709972 6709994
6709980 6709994
6709987 6709994
6709988 6709994
6709994 6709994
6710000 6752307
6710007 6752307
6752307 6752307
6797742 6797800
6797798 6797800
6797809 6797800
6797809 6798006
6797929 6798006
6797949 6798006
6798064 6798006
6798064 6798741
6798193 6798741
6798218 6798741
6798233 6798741
6798259 6798741
6798299 6798741
6798300 6798741
6798303 6798741
6798316 6798741
6798317 6798741
6798318 6798741
6798328 6798741
6798343 6798741
6798355 6798741
6798376 6798741
6798382 6798741
6798440 6798741
6798448 6798741
6798463 6798741
6798502 6798741
6798505 6798741
6798509 6798741
6798574 6798741
6798605 6798741
6798629 6798741
6798648 6798741
6798649 6798741
6798701 6798741
6798728 6798741
6798741 6798741
6798756 6798798
6798759 6798798
6798780 6798798
6798844 6798798
6798844 6798799
6798844 6799449
6800419 6799449
6800419 6799549
6800419 6800123
6800419 6800413
6800419 6800595
6800421 6800595
6800595 6800595
6800596 6800596
6800847 6800869
6800861 6800869
6800870 6800869
6800870 6801051
6800907 6801051
6801076 6801051
6801076 6801154
6801079 6801154
6801082 6801154
6801111 6801154
6801137 6801154
6801210 6801154
6801210 6801161
6801210 6801489
6801212 6801489
6801270 6801489
6801278 6801489
6801432 6801489
6801466 6801489
6801491 6801489
6801491 6801666
6801519 6801666
6801546 6801666
6801553 6801666
6801611 6801666
6801658 6801666
6801683 6801666
6801683 6801965
6801710 6801965
6801720 6801965
6801749 6801965
6801779 6801965
6801793 6801965
6801795 6801965
6801895 6801965
6801946 6801965
6802033 6801965
end 23
